PLAYER_ID,PLAYER_NAME,NICKNAME,TEAM_ID,TEAM_ABBREVIATION,AGE,GP,W,L,W_PCT,MIN,FGM,FGA,FG_PCT,FG3M,FG3A,FG3_PCT,FTM,FTA,FT_PCT,OREB,DREB,REB,AST,TOV,STL,BLK,BLKA,PF,PFD,PTS,PLUS_MINUS,NBA_FANTASY_PTS,DD2,TD3,WNBA_FANTASY_PTS,GP_RANK,W_RANK,L_RANK,W_PCT_RANK,MIN_RANK,FGM_RANK,FGA_RANK,FG_PCT_RANK,FG3M_RANK,FG3A_RANK,FG3_PCT_RANK,FTM_RANK,FTA_RANK,FT_PCT_RANK,OREB_RANK,DREB_RANK,REB_RANK,AST_RANK,TOV_RANK,STL_RANK,BLK_RANK,BLKA_RANK,PF_RANK,PFD_RANK,PTS_RANK,PLUS_MINUS_RANK,NBA_FANTASY_PTS_RANK,DD2_RANK,TD3_RANK,WNBA_FANTASY_PTS_RANK,TEAM_COUNT,E_OFF_RATING,OFF_RATING,sp_work_OFF_RATING,E_DEF_RATING,DEF_RATING,sp_work_DEF_RATING,E_NET_RATING,NET_RATING,sp_work_NET_RATING,AST_PCT,AST_TO,AST_RATIO,OREB_PCT,DREB_PCT,REB_PCT,TM_TOV_PCT,E_TOV_PCT,EFG_PCT,TS_PCT,USG_PCT,E_USG_PCT,E_PACE,PACE,PACE_PER40,sp_work_PACE,PIE,POSS,FGM_PG,FGA_PG,E_OFF_RATING_RANK,OFF_RATING_RANK,sp_work_OFF_RATING_RANK,E_DEF_RATING_RANK,DEF_RATING_RANK,sp_work_DEF_RATING_RANK,E_NET_RATING_RANK,NET_RATING_RANK,sp_work_NET_RATING_RANK,AST_PCT_RANK,AST_TO_RANK,AST_RATIO_RANK,OREB_PCT_RANK,DREB_PCT_RANK,REB_PCT_RANK,TM_TOV_PCT_RANK,E_TOV_PCT_RANK,EFG_PCT_RANK,TS_PCT_RANK,USG_PCT_RANK,E_USG_PCT_RANK,E_PACE_RANK,PACE_RANK,sp_work_PACE_RANK,PIE_RANK,FGM_PG_RANK,FGA_PG_RANK,TEAM_WINS,SEASON
203932,Aaron Gordon,Aaron,1610612743,DEN,25.0,50,29,21,0.58,27.7,4.6,10.0,0.463,1.2,3.5,0.335,1.9,3.0,0.651,1.5,4.1,5.7,3.2,1.9,0.7,0.7,0.6,1.8,2.7,12.4,1.2,26.1,3,1,25.1,238,158,268,167,135,134,127,216,188,181,275,114,90,422,75,106,92,106,77,228,103,124,228,79,136,139,115,115,17,117,2,111.8,112.5,112.5,110.4,110.4,110.4,1.4,2.1,2.1,0.165,1.66,19.6,0.055,0.15,0.102,11.8,11.8,0.522,0.547,0.204,0.207,99.83,99.48,82.9,99.48,0.095,2868,4.6,10.0,139,133,133,307,291,291,179,170,170,147,269,158,139,199,172,402,397,275,304,152,156,406,421,421,212,134,127,47,2020-21
1628988,Aaron Holiday,Aaron,1610612754,IND,24.0,66,30,36,0.455,17.8,2.6,6.6,0.39,1.0,2.8,0.368,1.0,1.3,0.819,0.2,1.1,1.3,1.9,1.0,0.7,0.2,0.5,1.4,1.1,7.2,0.0,13.3,1,0,13.2,70,143,45,318,310,287,243,431,217,230,187,244,275,171,460,449,461,201,227,206,349,167,335,283,276,228,338,178,29,328,1,110.2,110.1,110.1,109.9,110.3,110.3,0.2,-0.2,-0.2,0.139,1.86,18.5,0.012,0.06,0.036,9.9,10.0,0.467,0.503,0.189,0.193,104.48,104.34,86.95,104.34,0.057,2560,2.6,6.6,189,203,203,281,287,287,228,238,238,198,226,185,470,525,526,288,294,434,423,203,209,72,87,87,450,287,243,34,2020-21
1630174,Aaron Nesmith,Aaron,1610612738,BOS,21.0,46,22,24,0.478,14.5,1.7,3.9,0.438,0.9,2.3,0.37,0.5,0.6,0.786,0.6,2.2,2.8,0.5,0.5,0.3,0.2,0.3,1.9,0.6,4.7,-0.2,9.9,0,0,9.9,268,252,216,286,376,386,382,288,251,266,181,407,422,244,262,318,316,444,403,405,352,339,198,411,382,250,399,245,29,388,1,108.9,108.6,108.6,108.6,109.1,109.1,0.3,-0.5,-0.5,0.047,1.0,9.7,0.041,0.146,0.093,9.7,9.7,0.551,0.573,0.133,0.138,101.2,101.13,84.28,101.13,0.06,1409,1.7,3.9,229,255,255,198,228,228,226,255,255,496,424,458,204,209,210,274,278,184,214,444,442,295,290,290,440,386,382,36,2020-21
1627846,Abdel Nader,Abdel,1610612756,PHX,27.0,24,16,8,0.667,14.8,2.4,4.8,0.491,0.8,1.8,0.419,1.2,1.5,0.757,0.3,2.3,2.6,0.8,0.8,0.4,0.4,0.3,1.4,1.5,6.7,1.2,12.5,0,0,12.4,417,331,454,79,370,310,323,141,277,330,51,218,231,294,428,298,332,386,307,363,217,309,341,216,302,143,348,245,29,347,1,106.6,106.7,106.7,103.2,101.7,101.7,3.4,5.0,5.0,0.078,1.0,11.2,0.02,0.151,0.088,11.2,11.2,0.569,0.605,0.183,0.189,102.3,102.96,85.8,102.96,0.092,757,2.4,4.8,318,315,315,52,48,48,132,95,95,390,424,414,362,194,231,363,363,129,113,228,231,199,152,152,231,310,323,51,2020-21
1629690,Adam Mokoka,Adam,1610612741,CHI,22.0,14,3,11,0.214,4.0,0.5,1.4,0.368,0.1,0.7,0.1,0.0,0.1,0.0,0.1,0.3,0.4,0.4,0.4,0.1,0.1,0.1,0.4,0.1,1.1,-0.6,2.3,0,0,2.3,463,482,422,506,517,508,510,469,453,424,477,521,521,521,513,529,531,485,450,480,461,482,518,524,518,280,525,245,29,526,1,85.1,83.2,83.2,93.4,90.3,90.3,-8.3,-7.1,-7.1,0.179,1.0,17.2,0.017,0.077,0.045,17.2,17.0,0.395,0.386,0.171,0.186,103.47,106.38,88.65,106.38,0.025,125,0.5,1.4,530,528,528,17,13,13,440,423,423,130,424,221,406,486,496,515,514,501,510,274,238,115,36,36,515,508,510,31,2020-21
201143,Al Horford,Al,1610612738,BOS,35.0,28,11,17,0.393,27.9,5.8,12.9,0.45,2.0,5.4,0.368,0.6,0.8,0.818,1.0,5.7,6.7,3.4,1.0,0.9,0.9,0.4,1.7,1.2,14.2,-3.6,31.7,1,0,29.9,397,398,346,393,131,80,77,243,78,79,184,357,375,173,139,39,57,100,216,124,62,254,241,265,101,472,72,178,29,78,1,102.0,102.2,102.2,108.2,109.1,109.1,-6.1,-6.9,-6.9,0.206,3.24,19.2,0.034,0.195,0.114,5.9,5.9,0.528,0.538,0.221,0.227,100.81,100.3,83.58,100.3,0.131,1639,5.8,12.9,432,429,429,171,229,229,397,419,419,100,35,166,240,76,121,51,52,258,341,110,111,325,350,350,58,80,77,36,2020-21
202329,Al-Farouq Aminu,Al-Farouq,1610612741,CHI,30.0,23,5,18,0.217,18.9,1.7,4.3,0.384,0.3,1.6,0.216,0.8,1.0,0.818,1.0,3.8,4.8,1.3,1.2,0.8,0.4,0.2,1.3,1.1,4.4,-2.3,14.6,1,0,13.3,420,465,329,503,293,390,358,444,378,347,439,314,331,173,156,133,134,273,167,145,203,381,369,280,395,419,312,178,29,324,2,103.1,102.8,102.8,110.2,109.0,109.0,-7.1,-6.2,-6.2,0.101,1.11,18.8,0.05,0.2,0.125,17.0,16.7,0.424,0.469,0.138,0.142,97.33,98.01,81.68,98.01,0.075,887,1.7,4.3,413,415,415,300,223,223,421,399,399,285,399,175,161,68,93,513,512,479,473,425,426,525,505,505,353,390,358,31,2020-21
202692,Alec Burks,Alec,1610612752,NYK,29.0,49,27,22,0.551,25.6,4.3,10.2,0.42,2.1,5.0,0.415,2.1,2.4,0.856,0.4,4.2,4.6,2.2,1.0,0.6,0.3,0.6,2.1,1.9,12.7,2.6,23.3,3,0,23.4,250,189,245,201,170,149,120,355,72,99,54,104,119,112,345,99,149,166,227,241,270,103,149,147,130,79,151,115,29,141,1,108.9,109.6,109.6,104.0,104.6,104.6,4.9,5.0,5.0,0.135,2.18,15.2,0.016,0.156,0.087,6.9,6.9,0.522,0.564,0.208,0.214,97.83,97.22,81.02,97.22,0.115,2540,4.3,10.2,232,221,221,61,80,80,96,96,96,206,142,294,417,171,236,90,91,276,241,144,149,513,533,533,110,149,120,41,2020-21
1630197,Aleksej Pokusevski,Aleksej,1610612760,OKC,19.0,45,13,32,0.289,24.2,3.1,9.1,0.341,1.3,4.6,0.28,0.7,0.9,0.738,0.7,4.0,4.7,2.2,2.2,0.4,0.9,0.2,1.3,0.8,8.2,-8.7,19.0,1,0,19.1,279,371,88,470,188,242,155,493,172,120,381,346,335,323,240,115,143,169,57,344,60,376,366,373,238,536,220,178,29,207,1,98.2,98.1,98.1,114.5,114.9,114.9,-16.3,-16.7,-16.7,0.133,0.98,15.5,0.025,0.155,0.09,15.9,15.9,0.412,0.43,0.197,0.201,104.57,104.44,87.03,104.44,0.058,2373,3.1,9.1,483,481,481,477,482,482,502,507,507,215,443,282,313,178,225,505,503,490,496,170,178,68,83,83,447,242,155,22,2020-21
1629346,Alen Smailagic,Alen,1610612744,GSW,20.0,15,10,5,0.667,5.6,0.7,1.8,0.407,0.3,0.7,0.4,0.1,0.4,0.333,0.4,0.7,1.1,0.3,0.3,0.2,0.3,0.1,0.7,0.3,1.9,-2.1,4.8,0,0,4.5,458,411,481,79,497,488,490,391,405,426,93,508,474,513,361,498,476,495,456,468,238,455,470,500,496,406,489,245,29,489,1,95.7,95.2,95.2,112.4,112.8,112.8,-16.7,-17.6,-17.6,0.078,0.8,10.3,0.065,0.111,0.087,12.8,12.9,0.481,0.472,0.165,0.171,107.28,107.33,89.44,107.33,0.043,188,0.7,1.8,507,501,501,401,413,413,507,512,512,388,469,441,108,333,232,448,451,406,469,305,299,20,25,25,497,488,490,39,2020-21
1627936,Alex Caruso,Alex,1610612747,LAL,27.0,58,32,26,0.552,21.0,2.3,5.3,0.436,0.9,2.4,0.401,0.8,1.3,0.645,0.5,2.4,2.9,2.8,1.3,1.1,0.3,0.4,1.9,1.8,6.4,2.1,16.8,0,0,15.7,157,115,181,199,248,321,308,298,235,263,90,293,267,429,293,291,305,129,151,62,303,226,204,160,315,101,270,245,29,276,1,106.7,107.2,107.2,101.9,101.7,101.7,4.8,5.5,5.5,0.19,2.11,27.9,0.025,0.114,0.069,13.2,13.2,0.526,0.547,0.144,0.147,100.46,100.29,83.58,100.29,0.084,2532,2.3,5.3,315,300,300,39,49,49,98,86,86,118,162,42,316,318,328,460,458,263,313,403,407,358,351,351,285,321,308,42,2020-21
203458,Alex Len,Alex,1610612764,WAS,28.0,64,30,34,0.469,15.3,2.7,4.3,0.615,0.1,0.4,0.32,1.1,1.8,0.629,1.2,2.8,4.1,0.8,0.9,0.3,1.0,0.3,2.0,1.2,6.6,-1.5,15.7,2,0,14.2,89,143,61,299,366,277,351,34,432,459,317,225,194,439,118,233,185,395,278,409,47,283,175,268,307,358,288,146,29,303,2,106.2,106.9,106.9,110.2,111.0,111.0,-3.9,-4.0,-4.0,0.069,0.89,11.3,0.077,0.174,0.126,12.6,12.7,0.629,0.643,0.161,0.162,107.53,106.79,88.99,106.79,0.097,2173,2.7,4.3,327,308,308,294,321,321,342,345,345,429,459,411,86,114,88,444,446,38,47,333,347,18,32,32,198,277,351,34,2020-21
1628035,Alfonzo McKinnie,Alfonzo,1610612747,LAL,28.0,39,22,17,0.564,6.6,1.2,2.4,0.516,0.4,1.0,0.41,0.3,0.5,0.556,0.6,0.8,1.4,0.2,0.1,0.2,0.0,0.2,0.7,0.4,3.1,0.2,5.4,0,0,5.4,326,252,346,187,486,431,461,93,366,396,67,478,462,480,281,479,456,513,523,477,495,419,480,473,440,214,478,245,29,473,1,104.9,102.0,102.0,102.7,101.3,101.3,2.1,0.7,0.7,0.036,1.2,5.4,0.076,0.113,0.095,4.5,4.5,0.602,0.604,0.164,0.172,102.25,104.46,87.05,104.46,0.1,563,1.2,2.4,372,433,433,49,46,46,160,213,213,514,380,517,87,320,204,22,22,65,116,314,296,202,82,82,168,431,461,42,2020-21
1628993,Alize Johnson,Alize,1610612751,BKN,25.0,18,10,8,0.556,10.5,2.2,3.8,0.588,0.1,0.3,0.167,0.7,0.7,1.0,1.5,3.5,5.0,0.8,0.5,0.3,0.3,0.4,0.9,0.7,5.2,-1.0,13.6,2,0,12.2,443,411,454,193,431,332,388,43,461,463,462,333,389,1,77,158,120,389,403,430,278,194,448,385,361,320,333,146,29,352,1,108.2,107.5,107.5,111.7,112.1,112.1,-3.5,-4.5,-4.5,0.11,1.56,14.4,0.127,0.32,0.22,9.3,9.3,0.596,0.638,0.175,0.181,101.12,101.24,84.37,101.24,0.174,398,2.2,3.8,264,289,289,374,380,380,331,364,364,260,297,308,18,4,6,241,245,78,53,265,259,303,279,279,10,332,388,48,2020-21
1628578,Amida Brimah,Amida,1610612754,IND,27.0,5,2,3,0.4,5.9,1.0,1.6,0.625,0.0,0.0,0.0,0.6,0.6,1.0,0.4,1.2,1.6,0.2,0.8,0.0,1.0,0.0,0.8,0.6,2.6,4.4,7.0,0,0,6.4,512,501,502,382,495,460,498,25,480,522,480,370,425,1,361,441,431,507,300,511,47,503,459,422,461,34,450,245,29,452,1,117.6,114.9,114.9,84.6,82.1,82.1,33.0,32.8,32.8,0.042,0.25,7.1,0.077,0.15,0.121,28.6,27.9,0.625,0.697,0.176,0.189,106.99,109.84,91.54,109.84,0.111,67,1.0,1.6,13,63,63,3,4,4,3,3,3,505,516,501,83,196,103,532,532,41,13,261,228,23,15,15,131,460,498,34,2020-21
1629599,Amir Coffey,Amir,1610612746,LAC,24.0,44,32,12,0.727,9.0,1.0,2.3,0.437,0.5,1.3,0.411,0.6,0.9,0.711,0.2,0.8,1.0,0.5,0.3,0.2,0.0,0.2,0.7,0.5,3.2,-0.6,5.5,0,0,5.7,290,115,405,30,456,458,464,294,337,380,65,364,360,366,460,483,483,444,455,454,495,432,479,438,437,283,477,245,29,468,1,100.0,99.9,99.9,102.2,101.1,101.1,-2.2,-1.2,-1.2,0.09,1.47,14.0,0.023,0.081,0.052,9.6,9.6,0.549,0.585,0.145,0.151,99.14,99.76,83.13,99.76,0.07,812,1.0,2.3,468,462,462,43,43,43,299,270,270,330,316,322,332,471,453,258,261,189,174,395,393,454,397,397,388,458,464,47,2020-21
2760,Anderson Varejao,Anderson,1610612739,CLE,38.0,5,1,4,0.2,7.2,0.8,3.2,0.25,0.0,0.2,0.0,1.0,1.8,0.556,1.4,2.6,4.0,0.6,0.2,0.0,0.4,0.6,0.6,1.0,2.6,-6.6,9.3,0,0,8.0,512,515,492,509,476,482,427,517,480,484,480,246,198,480,90,267,192,428,509,511,198,116,491,309,461,528,410,245,29,425,1,82.8,85.9,85.9,123.0,123.5,123.5,-40.2,-37.6,-37.6,0.15,3.0,12.5,0.146,0.342,0.233,4.2,4.2,0.25,0.326,0.228,0.233,108.33,106.2,88.5,106.2,0.09,78,0.8,3.2,531,522,522,531,534,534,533,534,534,177,43,372,6,2,1,20,20,524,520,94,95,15,39,39,246,482,427,22,2020-21
203083,Andre Drummond,Andre,1610612747,LAL,27.0,46,19,27,0.413,27.0,6.1,12.4,0.493,0.0,0.2,0.0,2.7,4.5,0.6,3.6,8.4,12.0,2.0,2.7,1.4,1.1,1.5,3.2,3.8,14.9,-2.3,37.0,28,0,33.8,268,298,163,378,148,70,88,139,480,487,480,66,38,457,6,9,4,176,36,25,42,3,11,41,90,416,44,16,29,57,2,106.1,107.5,107.5,110.6,111.4,111.4,-4.5,-3.9,-3.9,0.124,0.76,10.7,0.132,0.336,0.229,14.1,14.1,0.493,0.519,0.269,0.275,99.31,98.31,81.93,98.31,0.139,2540,6.1,12.4,335,290,290,325,338,338,358,343,343,233,475,425,14,3,3,486,484,374,390,39,40,442,497,497,46,70,88,42,2020-21
2738,Andre Iguodala,Andre,1610612748,MIA,37.0,63,37,26,0.587,21.3,1.5,3.9,0.383,1.0,2.9,0.33,0.4,0.6,0.658,0.6,2.9,3.5,2.3,1.1,0.9,0.6,0.0,1.4,0.9,4.4,-1.3,15.3,0,0,14.0,99,73,181,158,243,409,377,445,232,218,295,443,424,416,264,222,232,157,208,117,135,499,334,359,397,339,299,245,29,308,1,106.5,105.6,105.6,107.9,108.1,108.1,-1.4,-2.5,-2.5,0.153,2.12,30.0,0.03,0.134,0.083,14.1,14.1,0.504,0.519,0.109,0.113,97.49,97.82,81.52,97.82,0.072,2722,1.5,3.9,319,347,347,159,179,179,281,306,306,172,160,31,270,248,250,485,485,337,388,512,511,520,510,510,370,409,377,40,2020-21
203460,Andre Roberson,Andre,1610612751,BKN,29.0,5,4,1,0.8,12.6,0.4,2.8,0.143,0.2,1.6,0.125,0.2,0.4,0.5,1.4,1.6,3.0,0.8,0.4,0.6,0.2,0.4,0.8,0.4,1.2,-3.8,8.0,0,0,6.8,512,474,527,12,404,513,448,529,413,348,472,492,474,488,90,388,296,380,438,259,342,219,459,465,515,479,435,245,29,450,1,105.5,100.0,100.0,116.6,118.4,118.4,-11.1,-18.4,-18.4,0.098,2.0,19.0,0.103,0.136,0.118,9.5,9.6,0.179,0.202,0.117,0.123,95.06,96.87,80.73,96.87,0.023,129,0.4,2.8,359,458,458,514,524,524,472,516,516,301,185,171,40,240,112,253,263,528,530,493,482,537,535,535,517,513,448,48,2020-21
203952,Andrew Wiggins,Andrew,1610612744,GSW,26.0,71,38,33,0.535,33.3,7.1,14.9,0.477,2.0,5.2,0.38,2.4,3.4,0.714,1.2,3.7,4.9,2.4,1.8,0.9,1.0,0.6,2.2,3.0,18.6,0.0,32.0,3,0,31.7,12,65,72,217,43,48,53,172,83,90,157,82,66,356,124,141,127,148,90,102,57,112,115,72,56,230,71,115,29,67,1,108.3,108.9,108.9,108.4,109.1,109.1,-0.1,-0.2,-0.2,0.11,1.33,11.5,0.034,0.106,0.071,8.7,8.7,0.543,0.568,0.229,0.233,103.78,103.17,85.97,103.17,0.099,5085,7.1,14.9,256,248,248,191,230,230,237,235,235,261,356,404,242,359,315,183,186,213,227,91,94,104,138,138,177,48,53,39,2020-21
1629014,Anfernee Simons,Anfernee,1610612757,POR,22.0,64,37,27,0.578,17.3,2.6,6.3,0.419,1.9,4.4,0.426,0.7,0.9,0.807,0.2,2.0,2.2,1.4,0.7,0.3,0.1,0.3,1.5,0.6,7.8,0.7,13.1,0,0,14.1,89,73,163,169,324,281,259,360,99,128,40,336,347,202,467,345,375,268,349,429,418,335,315,415,248,174,340,245,29,306,1,115.0,115.2,115.2,114.5,114.4,114.4,0.4,0.8,0.8,0.117,2.07,15.9,0.012,0.109,0.059,7.7,7.7,0.569,0.589,0.18,0.185,98.85,98.83,82.36,98.83,0.079,2284,2.6,6.3,62,58,58,479,466,466,222,205,205,243,173,259,480,342,396,123,122,131,159,239,248,470,473,473,322,281,259,42,2020-21
203076,Anthony Davis,Anthony,1610612747,LAL,28.0,36,23,13,0.639,32.3,8.4,17.0,0.491,0.7,2.8,0.26,4.4,5.9,0.738,1.7,6.2,7.9,3.1,2.1,1.3,1.6,0.7,1.7,4.9,21.8,3.2,42.6,12,0,39.3,346,234,391,117,58,26,33,142,287,225,403,27,21,322,58,30,30,113,63,33,8,88,262,20,31,57,23,44,29,27,1,110.4,112.5,112.5,105.8,107.4,107.4,4.5,5.2,5.2,0.154,1.49,12.4,0.054,0.198,0.125,8.3,8.3,0.512,0.556,0.287,0.291,100.98,99.29,82.74,99.29,0.153,2399,8.4,17.0,178,132,132,97,153,153,106,90,90,167,310,379,147,72,91,167,167,313,267,24,30,314,439,439,28,26,33,42,2020-21
1630162,Anthony Edwards,Anthony,1610612750,MIN,19.0,72,23,49,0.319,32.1,7.0,16.8,0.417,2.4,7.2,0.329,2.9,3.8,0.776,0.8,3.8,4.7,2.9,2.2,1.1,0.5,0.9,1.8,2.6,19.3,-3.2,32.0,3,0,32.6,1,234,5,445,60,53,35,365,49,27,297,58,52,262,192,130,148,121,55,56,149,41,225,91,49,458,70,115,29,63,1,108.9,110.6,110.6,114.1,115.6,115.6,-5.2,-5.0,-5.0,0.142,1.32,12.4,0.023,0.121,0.07,9.4,9.4,0.488,0.523,0.264,0.269,104.17,102.71,85.59,102.71,0.094,4961,7.0,16.8,236,186,186,463,496,496,377,372,372,192,358,375,329,289,319,251,250,389,379,42,43,87,175,175,221,53,35,23,2020-21
1630264,Anthony Gill,Anthony,1610612764,WAS,28.0,26,11,15,0.423,8.4,1.2,2.3,0.5,0.3,0.9,0.292,0.5,0.6,0.813,0.6,1.3,2.0,0.4,0.3,0.4,0.2,0.2,1.0,0.6,3.1,-0.7,7.4,0,0,6.8,406,398,372,363,463,441,467,120,404,408,363,397,417,195,257,420,401,472,467,378,393,408,414,419,444,291,444,245,29,449,1,107.1,104.1,104.1,106.4,105.6,105.6,0.7,-1.6,-1.6,0.073,1.38,12.8,0.074,0.151,0.114,9.3,9.3,0.558,0.597,0.143,0.15,102.39,104.25,86.87,104.25,0.089,469,1.2,2.3,291,388,388,115,101,101,210,278,278,405,338,362,91,192,120,244,244,158,143,405,397,192,89,89,251,441,467,34,2020-21
1630237,Anthony Lamb,Anthony,1610612745,HOU,23.0,24,3,21,0.125,17.3,1.9,4.9,0.39,1.0,3.0,0.324,0.8,0.9,0.857,1.1,1.8,2.9,1.0,0.8,0.3,0.2,0.3,1.4,1.0,5.5,-3.7,11.1,0,0,11.3,417,482,268,525,321,362,319,432,230,215,308,323,353,104,129,369,307,353,307,443,339,309,341,298,340,476,376,245,29,361,1,103.6,105.1,105.1,114.4,114.3,114.3,-10.9,-9.2,-9.2,0.08,1.21,13.5,0.055,0.109,0.079,11.2,11.2,0.487,0.523,0.144,0.146,104.65,103.93,86.61,103.93,0.05,896,1.9,4.9,402,361,361,472,463,463,469,452,452,377,377,341,142,339,275,363,364,391,384,401,410,63,102,102,476,362,319,17,2020-21
201229,Anthony Tolliver,Anthony,1610612755,PHI,36.0,11,7,4,0.636,9.0,0.4,1.5,0.235,0.4,1.3,0.286,0.5,0.5,0.833,0.3,0.6,0.9,0.2,0.3,0.3,0.2,0.0,0.6,0.4,1.5,2.7,4.0,0,0,3.9,479,445,492,120,455,516,499,524,374,380,369,415,444,145,435,504,497,509,482,435,364,503,486,480,504,70,507,245,29,503,1,107.9,109.8,109.8,96.3,93.2,93.2,11.6,16.6,16.6,0.025,0.67,8.3,0.028,0.071,0.048,12.5,12.2,0.353,0.433,0.09,0.094,104.45,105.24,87.7,105.24,0.022,214,0.4,1.5,275,211,211,21,17,17,22,10,10,523,488,486,288,500,474,435,419,507,495,532,533,75,52,52,519,516,499,49,2020-21
1628394,Anžejs Pasečņiks,Anžejs,1610612764,WAS,25.0,1,1,0,1.0,6.3,0.0,1.0,0.0,0.0,1.0,0.0,0.0,0.0,0.0,1.0,0.0,1.0,1.0,5.0,0.0,0.0,0.0,2.0,0.0,0.0,-13.0,-2.3,0,0,2.0,537,515,536,1,489,535,522,535,480,396,480,521,523,521,144,535,483,341,1,511,495,503,169,527,536,540,540,245,29,528,1,61.5,57.1,57.1,141.1,161.5,161.5,-79.6,-104.4,-104.4,0.333,0.2,14.3,0.143,0.0,0.083,71.4,71.4,0.0,0.0,0.375,0.4,105.93,102.59,85.49,102.59,-0.26,14,0.0,1.0,538,539,539,538,539,539,539,539,539,17,519,312,8,535,251,539,539,535,536,1,1,36,183,183,540,535,522,34,2020-21
1629717,Armoni Brooks,Armoni,1610612745,HOU,23.0,20,3,17,0.15,26.0,3.9,9.6,0.406,3.0,7.9,0.382,0.4,0.6,0.583,0.5,2.9,3.4,1.5,1.1,0.6,0.3,0.3,1.7,0.5,11.2,-6.8,18.9,0,0,20.8,435,482,346,523,160,168,139,392,17,16,150,453,425,466,303,224,256,250,198,259,308,299,249,446,160,529,221,245,29,180,1,103.4,103.9,103.9,115.6,115.6,115.6,-12.3,-11.7,-11.7,0.09,1.36,12.0,0.017,0.112,0.061,8.8,8.8,0.563,0.565,0.175,0.178,103.15,102.94,85.79,102.94,0.068,1114,3.9,9.6,408,391,391,502,495,495,482,480,480,328,341,389,408,330,382,196,200,147,238,264,268,137,154,154,397,168,139,17,2020-21
203382,Aron Baynes,Aron,1610612761,TOR,34.0,53,20,33,0.377,18.5,2.5,5.7,0.441,0.5,1.9,0.262,0.5,0.8,0.707,1.6,3.5,5.2,0.9,0.9,0.3,0.4,0.3,2.2,1.0,6.1,-1.5,15.0,2,0,14.1,208,279,72,407,297,293,287,274,340,315,400,384,377,370,66,157,119,362,276,406,193,317,114,323,323,360,308,146,29,305,1,105.7,106.6,106.6,110.4,111.0,111.0,-4.7,-4.4,-4.4,0.07,1.02,11.4,0.082,0.192,0.135,11.1,11.1,0.485,0.503,0.157,0.161,102.01,101.31,84.43,101.31,0.07,2074,2.5,5.7,353,323,323,310,324,324,362,360,360,419,420,407,72,81,74,358,359,396,422,349,354,223,271,271,387,293,287,27,2020-21
1630204,Ashton Hagans,Ashton,1610612750,MIN,21.0,2,0,2,0.0,2.0,0.0,0.0,0.0,0.0,0.0,0.0,0.0,0.0,0.0,0.0,0.0,0.0,0.0,0.5,0.0,0.0,0.0,0.0,0.0,0.0,-1.5,-0.5,0,0,0.0,532,531,515,531,538,535,540,535,480,522,480,521,523,521,518,535,538,531,403,511,495,503,534,527,536,353,538,245,29,538,1,61.5,60.0,60.0,104.2,81.8,81.8,-42.7,-21.8,-21.8,0.0,0.0,0.0,0.0,0.0,0.0,100.0,100.0,0.0,0.0,0.083,0.085,108.59,123.93,103.28,123.93,-0.25,10,0.0,0.0,539,538,538,62,3,3,534,519,519,531,524,531,518,535,538,540,540,535,536,536,536,13,1,1,539,535,540,23,2020-21
203085,Austin Rivers,Austin,1610612743,DEN,28.0,36,20,16,0.556,23.5,2.9,6.8,0.424,1.5,4.1,0.369,0.6,0.9,0.71,0.2,2.1,2.3,2.3,1.0,0.8,0.1,0.4,1.8,0.9,7.9,0.3,15.7,0,0,15.8,346,279,360,193,204,256,235,335,139,144,183,365,361,367,462,334,366,158,227,140,472,232,230,332,246,205,289,245,29,274,2,110.1,110.3,110.3,109.5,110.3,110.3,0.6,0.0,0.0,0.136,2.25,21.5,0.009,0.088,0.048,9.6,9.6,0.537,0.551,0.15,0.154,98.21,97.79,81.49,97.79,0.067,1726,2.9,6.8,193,200,200,249,283,283,219,229,229,205,129,125,500,442,478,260,264,230,289,376,379,500,511,511,399,256,235,47,2020-21
202340,Avery Bradley,Avery,1610612745,HOU,30.0,27,6,21,0.222,22.3,2.4,6.3,0.374,1.2,3.7,0.327,0.4,0.6,0.8,0.3,1.8,2.1,1.7,1.0,0.8,0.1,0.3,2.0,0.7,6.4,-4.9,13.1,0,0,13.2,400,456,268,500,223,312,256,459,181,167,303,420,439,212,424,363,383,222,215,166,426,267,159,398,314,506,339,245,29,327,2,105.6,105.3,105.3,115.1,115.5,115.5,-9.5,-10.2,-10.2,0.108,1.64,18.3,0.013,0.078,0.046,11.1,11.1,0.471,0.487,0.146,0.15,102.42,102.39,85.33,102.39,0.039,1284,2.4,6.3,356,358,358,494,493,493,456,464,464,269,273,196,457,482,487,358,360,427,451,393,400,188,192,192,502,312,256,17,2020-21
1626253,Axel Toupane,Axel,1610612749,MIL,28.0,8,2,6,0.25,7.7,0.5,1.4,0.364,0.1,0.3,0.5,0.6,0.9,0.714,0.0,0.8,0.8,0.5,0.0,0.3,0.4,0.3,0.8,0.5,1.8,-0.4,5.3,0,0,4.4,495,501,475,486,471,508,508,474,432,475,5,362,353,356,518,486,511,444,530,443,217,344,467,446,499,262,480,245,29,495,1,96.6,94.0,94.0,94.7,96.3,96.3,1.9,-2.2,-2.2,0.098,0.0,22.2,0.0,0.082,0.042,0.0,0.0,0.409,0.497,0.092,0.099,104.55,105.07,87.56,105.07,0.06,134,0.5,1.4,500,504,504,19,22,22,168,301,301,301,524,111,518,467,508,1,1,492,435,530,525,70,59,59,438,508,508,46,2020-21
1628389,Bam Adebayo,Bam,1610612748,MIA,23.0,64,34,30,0.531,33.5,7.1,12.5,0.57,0.0,0.1,0.25,4.4,5.5,0.799,2.2,6.7,9.0,5.4,2.6,1.2,1.0,0.6,2.3,5.3,18.7,0.4,41.5,33,2,37.5,89,100,115,223,38,46,86,49,470,496,410,26,26,230,31,23,19,39,40,46,46,113,105,15,54,200,24,11,13,35,1,109.8,110.2,110.2,108.7,109.6,109.6,1.1,0.6,0.6,0.267,2.05,23.6,0.07,0.204,0.139,11.5,11.5,0.571,0.626,0.233,0.239,98.29,97.71,81.42,97.71,0.161,4361,7.1,12.5,199,201,201,202,253,253,196,217,217,51,178,91,95,64,67,383,382,121,69,80,80,495,516,516,21,46,86,40,2020-21
203463,Ben McLemore,Ben,1610612747,LAL,28.0,53,20,33,0.377,17.1,2.5,6.9,0.37,1.8,5.3,0.346,0.7,1.0,0.736,0.3,1.6,1.9,0.7,0.8,0.4,0.2,0.3,1.7,0.7,7.7,-1.9,12.0,0,0,13.3,208,279,72,407,329,290,233,467,103,84,245,329,311,327,433,387,407,401,306,351,379,297,266,387,258,384,359,245,29,325,2,103.5,105.0,105.0,108.9,109.2,109.2,-5.4,-4.2,-4.2,0.064,0.93,8.4,0.015,0.091,0.051,9.1,8.9,0.503,0.523,0.192,0.199,104.81,103.95,86.63,103.95,0.053,1952,2.5,6.9,403,365,365,222,233,233,382,351,351,448,452,483,441,431,457,225,212,343,383,188,185,57,101,101,463,290,233,42,2020-21
1627732,Ben Simmons,Ben,1610612755,PHI,24.0,58,42,16,0.724,32.4,5.6,10.1,0.557,0.1,0.2,0.3,3.0,4.9,0.613,1.6,5.6,7.2,6.9,3.0,1.6,0.6,0.8,2.9,4.5,14.3,5.7,36.9,13,4,32.9,157,36,360,33,55,90,126,59,464,488,354,55,35,453,69,42,44,15,29,9,122,69,21,31,99,17,45,35,10,61,1,113.2,113.9,113.9,104.3,106.0,106.0,8.9,8.0,8.0,0.308,2.32,31.2,0.051,0.166,0.111,13.5,13.5,0.56,0.584,0.2,0.203,102.57,101.44,84.54,101.44,0.128,3973,5.6,10.1,102,94,94,67,108,108,33,43,43,29,116,23,158,136,131,468,469,153,177,158,167,179,258,258,65,90,126,49,2020-21
202687,Bismack Biyombo,Bismack,1610612766,CHA,28.0,66,28,38,0.424,20.4,2.2,3.7,0.587,0.0,0.0,0.0,0.7,1.6,0.448,2.1,3.2,5.3,1.2,1.1,0.3,1.1,0.5,2.1,1.5,5.0,-4.2,16.2,3,0,14.3,70,177,32,360,257,339,399,45,480,521,480,340,225,507,37,188,111,301,204,442,33,187,135,206,371,491,281,115,29,301,1,102.6,102.8,102.8,110.7,111.7,111.7,-8.1,-8.9,-8.9,0.087,1.14,18.5,0.094,0.15,0.121,16.2,16.1,0.587,0.574,0.113,0.116,100.01,99.47,82.89,99.47,0.068,2782,2.2,3.7,425,414,414,331,362,362,438,447,447,347,387,188,53,198,101,509,507,93,208,504,506,391,424,424,396,339,399,33,2020-21
201933,Blake Griffin,Blake,1610612751,BKN,32.0,46,24,22,0.522,25.8,3.8,8.9,0.423,1.5,4.5,0.341,1.9,2.5,0.744,0.8,4.1,4.9,3.0,1.3,0.7,0.3,0.3,2.4,3.2,11.0,1.3,23.1,2,0,22.5,268,223,245,235,165,177,163,341,141,125,256,119,109,317,212,108,126,114,145,207,247,291,79,55,165,136,153,146,29,153,2,112.0,113.1,113.1,111.2,111.0,111.0,0.8,2.1,2.1,0.171,2.26,21.2,0.029,0.159,0.094,9.4,9.3,0.509,0.546,0.191,0.195,98.81,98.38,81.98,98.38,0.092,2435,3.8,8.9,135,118,118,351,323,323,205,169,169,138,127,130,273,157,207,249,247,320,316,195,199,473,490,490,233,177,163,48,2020-21
1626246,Boban Marjanovic,Boban,1610612742,DAL,32.0,33,14,19,0.424,8.2,1.9,3.7,0.508,0.0,0.2,0.125,0.9,1.2,0.816,1.4,2.5,3.9,0.3,0.4,0.1,0.2,0.5,0.9,0.9,4.7,0.7,10.2,3,0,9.4,364,357,306,360,465,366,396,109,473,478,472,270,294,189,87,281,207,492,449,505,364,187,451,350,384,173,390,115,29,401,1,106.6,107.0,107.0,102.1,101.1,101.1,4.6,5.9,5.9,0.06,0.83,6.2,0.159,0.291,0.223,7.5,7.5,0.512,0.562,0.231,0.236,99.77,100.13,83.44,100.13,0.162,561,1.9,3.7,317,306,306,41,41,41,105,81,81,469,465,513,1,9,5,105,107,312,248,86,85,412,361,361,20,366,396,42,2020-21
1626171,Bobby Portis,Bobby,1610612749,MIL,26.0,66,44,22,0.667,20.8,4.7,9.1,0.523,1.1,2.4,0.471,0.8,1.1,0.74,1.9,5.2,7.1,1.1,0.8,0.8,0.4,0.6,1.7,1.0,11.4,2.1,24.2,12,0,23.0,70,25,245,79,254,125,157,85,199,261,15,303,301,321,48,50,47,326,282,162,202,99,236,306,151,103,144,44,29,148,1,114.0,113.4,113.4,109.1,108.3,108.3,5.0,5.1,5.1,0.075,1.27,9.4,0.085,0.229,0.158,7.4,7.4,0.585,0.598,0.202,0.208,104.06,104.72,87.26,104.72,0.133,2986,4.7,9.1,78,113,113,231,191,191,94,93,93,400,365,464,67,42,47,103,103,96,135,155,155,91,77,77,52,125,157,46,2020-21
203992,Bogdan Bogdanović,Bogdan,1610612737,ATL,28.0,44,30,14,0.682,29.7,6.1,12.8,0.473,3.3,7.6,0.438,0.9,1.0,0.909,0.5,3.2,3.6,3.3,1.2,1.1,0.3,0.4,2.3,1.4,16.4,2.5,28.7,0,0,29.5,290,143,379,74,104,71,79,190,10,21,31,279,311,43,337,188,223,102,165,61,264,200,108,219,73,82,93,245,29,81,1,114.9,114.9,114.9,110.6,111.0,111.0,4.3,3.9,3.9,0.169,2.72,18.7,0.016,0.104,0.061,6.9,6.9,0.602,0.616,0.21,0.215,99.78,99.59,82.99,99.59,0.11,2710,6.1,12.8,64,62,62,324,327,327,109,119,119,142,68,178,429,369,383,86,86,66,86,138,143,411,416,416,136,71,79,41,2020-21
202711,Bojan Bogdanovic,Bojan,1610612762,UTA,32.0,72,52,20,0.722,30.8,5.6,12.8,0.439,2.5,6.4,0.39,3.2,3.7,0.879,0.6,3.3,3.9,1.9,1.8,0.6,0.1,0.8,1.6,2.6,17.0,5.8,24.8,0,0,26.7,1,1,284,34,88,89,78,285,40,39,128,45,55,74,283,171,205,195,88,243,472,56,287,88,67,16,131,245,29,103,1,115.8,116.8,116.8,106.5,107.3,107.3,9.3,9.5,9.5,0.091,1.06,10.4,0.018,0.099,0.06,9.8,9.8,0.536,0.588,0.225,0.228,100.73,99.94,83.28,99.94,0.094,4604,5.6,12.8,50,36,36,119,147,147,29,30,30,327,409,436,396,390,386,277,281,232,163,100,107,337,382,382,218,89,78,52,2020-21
1629626,Bol Bol,Bol,1610612743,DEN,21.0,32,21,11,0.656,5.0,0.8,1.8,0.431,0.3,0.8,0.375,0.3,0.5,0.667,0.0,0.8,0.8,0.2,0.4,0.1,0.3,0.0,0.4,0.3,2.2,-2.5,4.2,0,0,4.2,372,264,422,98,505,484,489,317,398,421,167,460,461,407,518,486,511,506,435,495,254,503,509,490,481,426,499,245,29,499,1,99.1,94.4,94.4,122.1,119.3,119.3,-23.0,-24.9,-24.9,0.067,0.54,8.4,0.0,0.154,0.074,15.7,15.4,0.509,0.534,0.191,0.206,106.88,110.79,92.32,110.79,0.057,374,0.8,1.8,474,502,502,529,526,526,518,524,524,435,500,482,518,180,298,500,498,319,352,193,159,25,10,10,451,484,489,47,2020-21
202954,Brad Wanamaker,Brad,1610612766,CHA,31.0,61,29,32,0.475,17.3,1.9,4.9,0.385,0.3,1.4,0.188,1.5,1.7,0.891,0.3,1.4,1.7,2.9,1.2,0.7,0.2,0.6,1.5,1.5,5.5,-2.1,13.3,0,0,12.1,124,158,88,292,323,365,320,441,406,367,455,176,217,60,426,411,418,124,177,199,368,127,305,207,343,407,336,245,29,354,2,101.4,101.4,101.4,106.4,107.1,107.1,-5.0,-5.7,-5.7,0.251,2.45,29.8,0.016,0.08,0.047,12.2,12.1,0.411,0.489,0.166,0.172,100.71,100.41,83.68,100.41,0.075,2201,1.9,4.9,444,438,438,114,138,138,369,390,390,60,102,32,425,476,484,418,411,491,444,303,295,338,341,341,351,365,320,33,2020-21
203078,Bradley Beal,Bradley,1610612764,WAS,28.0,60,32,28,0.533,35.8,11.2,23.0,0.485,2.2,6.2,0.349,6.8,7.7,0.889,1.2,3.5,4.7,4.4,3.1,1.2,0.4,1.0,2.3,5.4,31.3,-0.1,45.0,4,0,45.6,140,115,143,219,9,1,1,148,65,52,235,4,6,63,119,156,141,62,21,51,221,28,92,12,2,238,17,105,29,12,1,112.9,114.4,114.4,113.2,114.8,114.8,-0.3,-0.4,-0.4,0.202,1.42,13.2,0.033,0.094,0.064,9.3,9.2,0.532,0.593,0.331,0.339,106.67,105.21,87.68,105.21,0.145,4713,11.2,23.0,111,80,80,436,479,479,243,250,250,105,327,353,250,415,361,243,237,245,150,4,5,28,53,53,40,1,1,34,2020-21
1629634,Brandon Clarke,Brandon,1610612763,MEM,24.0,59,32,27,0.542,24.0,4.3,8.4,0.517,0.3,1.3,0.26,1.3,1.9,0.69,1.6,3.9,5.6,1.6,0.6,1.0,0.9,0.5,1.4,1.7,10.3,-0.3,24.5,3,0,21.6,151,115,163,209,194,146,174,92,379,374,405,195,180,391,65,122,95,241,392,86,72,145,336,167,178,255,135,115,29,166,1,108.6,109.5,109.5,108.8,109.3,109.3,-0.3,0.2,0.2,0.094,2.88,14.3,0.064,0.16,0.111,5.0,4.9,0.537,0.56,0.167,0.173,102.64,101.99,84.99,101.99,0.11,2996,4.3,8.4,247,226,226,215,243,243,240,228,228,316,57,311,111,155,129,30,26,227,253,292,287,173,222,222,138,146,174,38,2020-21
1629164,Brandon Goodwin,Brandon,1610612737,ATL,25.0,47,25,22,0.532,13.2,1.8,4.7,0.377,0.7,2.2,0.311,0.6,0.9,0.651,0.2,1.3,1.5,2.0,0.8,0.4,0.0,0.4,0.9,0.9,4.9,-1.3,10.0,0,0,9.7,256,213,245,222,395,379,331,453,300,284,334,372,340,421,487,427,445,177,320,388,495,218,454,342,378,338,396,245,29,395,1,105.7,104.7,104.7,109.7,109.1,109.1,-3.9,-4.4,-4.4,0.246,2.64,25.4,0.012,0.097,0.053,9.6,9.7,0.448,0.471,0.19,0.196,98.28,99.05,82.54,99.05,0.072,1276,1.8,4.7,347,373,373,263,225,225,343,358,358,64,79,69,476,398,444,266,271,453,471,201,192,496,458,458,372,379,331,41,2020-21
1627742,Brandon Ingram,Brandon,1610612740,NOP,23.0,61,29,32,0.475,34.3,8.4,18.0,0.466,2.3,6.1,0.381,4.6,5.2,0.878,0.6,4.3,4.9,4.9,2.5,0.7,0.6,0.9,2.0,4.2,23.8,0.7,38.2,4,0,38.4,124,158,88,292,22,24,19,210,53,54,152,24,33,76,282,89,125,51,42,211,127,52,162,37,24,172,36,105,29,29,1,113.5,115.1,115.1,113.4,114.2,114.2,0.1,1.0,1.0,0.218,1.92,17.6,0.016,0.126,0.071,9.2,9.1,0.531,0.584,0.279,0.285,101.02,99.97,83.31,99.97,0.128,4358,8.4,18.0,96,60,60,444,458,458,231,202,202,87,216,212,416,274,313,235,231,249,178,35,35,311,378,378,64,24,19,31,2020-21
1628968,Brian Bowen II,Brian,1610612754,IND,22.0,6,1,5,0.167,2.5,0.2,0.7,0.25,0.0,0.2,0.0,0.2,0.2,1.0,0.0,0.5,0.5,0.0,0.0,0.0,0.0,0.0,0.2,0.2,0.5,0.5,1.1,0,0,1.0,506,515,481,520,537,529,531,517,480,489,480,498,516,1,518,516,524,531,530,511,495,503,525,517,530,187,532,245,29,532,1,87.2,93.8,93.8,92.5,84.4,84.4,-5.3,9.4,9.4,0.0,0.0,0.0,0.0,0.158,0.071,0.0,0.0,0.25,0.338,0.098,0.113,102.68,103.33,86.11,103.33,0.045,32,0.2,0.7,528,505,505,13,7,7,378,33,33,531,524,531,518,163,312,1,1,524,517,523,513,168,127,127,488,529,531,34,2020-21
1630271,Brodric Thomas,Brodric,1610612739,CLE,24.0,32,6,26,0.188,12.5,1.2,3.4,0.361,0.5,1.8,0.271,1.0,1.4,0.674,0.3,1.4,1.7,0.9,0.7,0.5,0.3,0.2,1.3,1.0,3.9,-1.5,9.0,0,0,8.6,372,456,181,515,406,434,417,476,342,321,391,260,243,403,445,414,426,354,344,333,254,380,371,309,418,353,424,245,29,420,2,102.6,103.6,103.6,108.2,108.1,108.1,-5.6,-4.5,-4.5,0.115,1.36,16.6,0.019,0.107,0.062,12.2,12.2,0.435,0.487,0.158,0.161,101.17,100.74,83.95,100.74,0.052,833,1.2,3.4,427,399,399,174,178,178,390,362,362,247,341,241,385,349,376,416,423,465,450,344,350,298,319,319,468,434,417,22,2020-21
201572,Brook Lopez,Brook,1610612749,MIL,33.0,70,46,24,0.657,27.2,4.6,9.1,0.503,1.4,4.0,0.338,1.7,2.0,0.845,1.5,3.5,5.0,0.7,0.9,0.6,1.5,0.3,2.1,1.8,12.3,4.5,24.5,3,0,23.4,21,14,216,95,145,135,152,118,160,152,267,141,159,131,82,162,124,406,259,279,11,343,136,165,137,30,136,115,29,143,1,116.0,117.0,117.0,109.1,110.2,110.2,6.8,6.8,6.8,0.033,0.78,6.1,0.054,0.115,0.086,7.9,7.8,0.577,0.611,0.166,0.168,104.64,103.68,86.4,103.68,0.085,4123,4.6,9.1,44,35,35,234,281,281,63,63,63,517,473,514,145,316,237,135,135,107,98,302,317,64,114,114,282,135,152,46,2020-21
1628971,Bruce Brown,Bruce,1610612751,BKN,24.0,65,45,20,0.692,22.3,3.6,6.5,0.556,0.3,0.9,0.288,1.3,1.8,0.735,1.7,3.7,5.4,1.6,0.8,0.9,0.4,0.6,2.2,1.3,8.8,1.1,20.8,6,0,18.7,81,19,284,64,222,186,250,61,407,410,367,194,198,328,59,147,108,242,290,126,185,116,118,251,217,147,193,77,29,216,1,117.5,115.9,115.9,111.1,112.4,112.4,6.4,3.5,3.5,0.099,1.93,16.4,0.081,0.154,0.12,8.5,8.5,0.576,0.604,0.157,0.161,100.2,100.24,83.53,100.24,0.098,3016,3.6,6.5,15,50,50,346,396,396,68,125,125,294,212,246,75,182,108,172,175,112,117,350,349,375,355,355,190,186,250,48,2020-21
203998,Bruno Caboclo,Bruno,1610612745,HOU,25.0,6,1,5,0.167,6.1,1.3,2.8,0.471,0.0,0.8,0.0,0.2,0.3,0.5,0.5,1.8,2.3,0.2,0.7,0.0,0.3,0.2,1.0,0.3,2.8,0.0,6.2,0,0,6.0,506,515,481,520,491,421,446,196,480,415,480,498,485,488,303,358,363,510,350,511,238,427,419,484,455,230,461,245,29,460,1,94.3,96.3,96.3,93.4,94.0,94.0,0.9,2.3,2.3,0.048,0.25,4.3,0.064,0.268,0.159,17.4,17.5,0.471,0.475,0.232,0.239,109.48,108.03,90.03,108.03,0.113,81,1.3,2.8,512,498,498,16,18,18,198,159,159,494,516,520,114,18,44,517,518,428,465,81,82,8,18,18,123,421,446,17,2020-21
1628981,Bruno Fernando,Bruno,1610612737,ATL,22.0,33,20,13,0.606,6.8,0.5,1.3,0.409,0.0,0.1,0.0,0.5,0.7,0.682,0.5,1.9,2.4,0.3,0.6,0.1,0.1,0.2,0.7,0.6,1.5,-0.7,4.8,0,0,4.6,364,279,391,139,480,505,511,386,480,506,480,415,401,398,319,352,358,492,365,489,445,355,476,427,504,292,488,245,29,486,1,100.2,98.8,98.8,107.8,104.7,104.7,-7.6,-6.0,-6.0,0.069,0.48,11.8,0.066,0.256,0.16,24.7,24.8,0.409,0.475,0.133,0.139,101.61,103.78,86.49,103.78,0.069,492,0.5,1.3,466,474,474,157,85,85,430,394,394,428,510,396,105,22,38,529,529,492,466,443,436,260,104,104,394,505,511,41,2020-21
1627854,Bryn Forbes,Bryn,1610612749,MIL,27.0,70,45,25,0.643,19.3,3.6,7.6,0.473,2.2,4.9,0.452,0.7,0.9,0.77,0.2,1.4,1.6,0.6,0.6,0.3,0.0,0.3,1.1,0.5,10.0,1.4,13.3,1,0,15.2,21,19,201,114,277,192,203,189,62,108,19,349,356,272,490,407,431,420,368,395,494,281,403,444,185,128,337,178,29,284,1,113.6,113.4,113.4,111.0,110.8,110.8,2.6,2.7,2.7,0.045,1.02,7.1,0.008,0.069,0.039,6.9,6.8,0.618,0.631,0.18,0.186,103.97,104.16,86.8,104.16,0.076,2949,3.6,7.6,93,112,112,344,313,313,149,150,150,501,419,504,509,503,519,87,85,45,66,240,239,93,93,93,339,192,203,46,2020-21
1627741,Buddy Hield,Buddy,1610612758,SAC,28.0,71,31,40,0.437,34.3,5.7,14.0,0.406,4.0,10.2,0.391,1.2,1.5,0.846,0.4,4.3,4.7,3.6,1.8,0.9,0.4,0.5,2.5,1.0,16.6,-0.8,29.7,2,0,31.5,12,130,27,337,24,87,60,392,3,3,124,212,240,127,355,94,144,84,84,128,189,181,74,308,70,300,84,146,29,68,1,113.5,114.5,114.5,114.9,116.3,116.3,-1.3,-1.8,-1.8,0.141,1.98,18.2,0.012,0.126,0.069,9.2,9.1,0.548,0.567,0.201,0.206,102.31,101.26,84.39,101.26,0.084,5149,5.7,14.0,95,75,75,490,507,507,279,287,287,193,199,198,477,276,329,237,234,190,233,157,160,198,274,274,287,87,60,31,2020-21
1629604,CJ Elleby,CJ,1610612757,POR,21.0,30,19,11,0.633,6.4,0.8,2.2,0.379,0.2,1.1,0.206,0.4,0.5,0.733,0.4,0.7,1.1,0.3,0.2,0.2,0.1,0.1,0.9,0.4,2.3,-0.5,4.8,0,0,4.5,385,298,422,124,487,476,473,449,409,387,442,450,453,330,384,497,476,487,514,468,435,485,443,462,479,274,491,245,29,490,1,104.5,102.3,102.3,108.8,107.6,107.6,-4.3,-5.3,-5.3,0.076,2.0,11.4,0.049,0.089,0.069,5.7,5.7,0.432,0.468,0.16,0.167,104.45,106.16,88.47,106.16,0.047,429,0.8,2.2,383,428,428,216,159,159,353,378,378,395,185,406,166,440,324,45,45,467,474,336,324,74,40,40,481,476,473,42,2020-21
203468,CJ McCollum,CJ,1610612757,POR,29.0,47,28,19,0.596,34.0,8.6,18.8,0.458,3.6,8.9,0.402,2.3,2.8,0.812,0.6,3.3,3.9,4.7,1.4,0.9,0.4,0.6,1.9,2.5,23.1,4.4,37.7,2,0,38.2,256,177,306,151,27,21,14,224,4,5,86,91,96,197,251,177,201,55,139,103,180,98,208,94,28,33,38,146,29,32,1,117.2,119.0,119.0,112.0,112.8,112.8,5.2,6.2,6.2,0.22,3.43,18.2,0.018,0.099,0.056,5.3,5.3,0.554,0.577,0.265,0.27,101.14,100.01,83.34,100.01,0.123,3333,8.6,18.8,25,12,12,387,410,410,92,73,73,85,28,197,400,391,418,38,38,177,195,41,41,299,374,374,78,21,14,42,2020-21
1628997,Caleb Martin,Caleb,1610612766,CHA,25.0,53,23,30,0.434,15.4,1.8,4.8,0.375,0.6,2.4,0.248,0.8,1.2,0.641,0.6,2.1,2.7,1.3,0.6,0.7,0.2,0.3,1.2,1.2,5.0,-1.9,12.2,1,0,11.3,208,234,115,343,361,377,324,455,321,264,422,316,281,432,274,327,323,291,370,204,328,317,383,274,374,386,356,178,29,360,1,105.3,104.7,104.7,110.3,109.5,109.5,-4.9,-4.9,-4.9,0.123,2.03,17.5,0.036,0.125,0.081,8.6,8.6,0.436,0.465,0.164,0.17,99.28,99.93,83.28,99.93,0.067,1696,1.8,4.8,364,374,374,301,250,250,367,368,368,235,179,217,228,278,264,179,179,464,476,311,304,445,384,384,398,377,324,33,2020-21
1629629,Cam Reddish,Cam,1610612737,ATL,21.0,26,10,16,0.385,28.9,3.7,10.1,0.365,1.3,4.8,0.262,2.6,3.2,0.817,0.8,3.2,4.0,1.3,1.3,1.3,0.3,0.8,2.6,2.3,11.2,-1.9,21.6,0,0,21.1,406,411,360,401,117,183,122,473,175,110,401,71,80,182,183,193,192,274,153,31,234,57,51,111,156,385,180,245,29,175,1,110.8,110.9,110.9,113.8,114.9,114.9,-3.0,-4.0,-4.0,0.066,1.03,9.4,0.028,0.109,0.068,9.2,9.2,0.428,0.488,0.183,0.187,103.38,102.8,85.67,102.8,0.053,1614,3.7,10.1,167,176,176,452,485,485,323,346,346,443,418,463,284,340,337,236,240,474,447,225,235,125,169,169,462,183,122,41,2020-21
1629244,Cam Reynolds,Cam,1610612745,HOU,26.0,5,3,2,0.6,8.1,1.2,3.6,0.333,0.6,2.4,0.25,0.0,0.0,0.0,0.4,0.6,1.0,0.4,0.0,0.0,0.0,0.0,0.4,0.0,3.0,-5.2,4.8,0,0,5.0,512,482,515,143,469,435,404,494,318,259,410,521,523,521,361,509,483,477,530,511,495,503,511,527,447,512,490,245,29,480,2,82.8,81.8,81.8,113.5,110.1,110.1,-30.7,-28.3,-28.3,0.095,0.0,10.0,0.037,0.079,0.054,0.0,0.0,0.417,0.417,0.182,0.188,102.75,104.93,87.44,104.93,0.042,88,1.2,3.6,532,531,531,445,276,276,529,528,528,313,524,449,223,479,437,1,1,484,502,232,233,160,61,61,499,435,404,17,2020-21
1629661,Cameron Johnson,Cameron,1610612756,PHX,25.0,60,43,17,0.717,24.0,3.4,8.1,0.42,2.0,5.6,0.349,0.8,1.0,0.847,0.6,2.8,3.3,1.4,0.7,0.6,0.3,0.3,1.4,1.2,9.6,2.9,17.7,0,0,18.0,140,33,346,41,196,211,187,353,84,68,234,297,325,126,288,247,262,264,350,253,292,316,341,275,195,65,253,245,29,226,1,112.8,112.2,112.2,107.1,106.5,106.5,5.7,5.7,5.7,0.083,2.15,13.6,0.023,0.118,0.07,6.3,6.3,0.541,0.563,0.164,0.17,98.21,98.76,82.3,98.76,0.081,2958,3.4,8.1,117,145,145,128,115,115,81,83,83,359,152,338,335,300,320,68,68,216,246,310,305,499,478,478,310,211,187,51,2020-21
1628419,Cameron Oliver,Cameron,1610612745,HOU,24.0,4,1,3,0.25,21.8,4.8,8.3,0.576,1.0,3.3,0.308,0.3,1.0,0.25,1.3,4.0,5.3,1.3,0.8,0.5,1.0,0.5,2.8,0.8,10.8,-2.8,22.7,1,0,21.3,519,515,502,486,231,123,180,48,218,197,340,479,311,519,108,117,113,296,325,312,47,155,36,379,170,438,158,178,29,172,1,109.1,111.2,111.2,117.1,116.4,116.4,-8.0,-5.2,-5.2,0.086,1.67,11.9,0.05,0.188,0.114,7.1,7.0,0.636,0.619,0.174,0.18,104.25,103.54,86.29,103.54,0.095,188,4.8,8.3,227,167,167,516,509,509,435,376,376,351,266,392,162,88,122,94,93,31,80,269,264,86,119,119,214,123,180,17,2020-21
1626166,Cameron Payne,Cameron,1610612756,PHX,26.0,60,42,18,0.7,18.0,3.2,6.6,0.484,1.2,2.8,0.44,0.8,0.9,0.893,0.3,2.1,2.4,3.6,1.0,0.6,0.3,0.3,1.6,1.1,8.4,3.0,18.3,1,0,17.4,140,36,329,54,308,232,244,154,182,229,28,297,335,58,438,322,351,85,227,259,292,344,279,291,231,60,232,178,29,237,1,117.3,116.4,116.4,108.7,108.6,108.6,8.6,7.8,7.8,0.281,3.62,31.1,0.016,0.119,0.069,8.6,8.6,0.576,0.602,0.193,0.198,98.8,99.23,82.69,99.23,0.117,2233,3.2,6.6,22,43,43,205,198,198,35,47,47,42,22,24,430,292,330,177,181,109,123,186,187,474,442,442,93,232,244,51,2020-21
1627747,Caris LeVert,Caris,1610612754,IND,26.0,47,24,23,0.511,31.6,7.6,17.3,0.441,1.8,5.5,0.326,3.1,3.8,0.811,0.7,3.9,4.6,5.2,2.2,1.4,0.6,0.8,2.2,3.1,20.2,-0.1,37.4,6,0,35.8,256,223,233,247,69,36,29,272,110,74,307,52,50,200,227,129,154,45,58,22,114,66,117,64,42,243,41,77,29,42,2,111.1,111.9,111.9,110.2,112.1,112.1,1.0,-0.2,-0.2,0.255,2.4,19.8,0.022,0.111,0.068,8.2,8.2,0.493,0.531,0.279,0.284,105.71,104.41,87.01,104.41,0.116,3231,7.6,17.3,158,149,149,293,384,384,197,236,236,56,107,150,347,334,336,162,164,376,362,36,36,38,85,85,97,36,29,34,2020-21
2546,Carmelo Anthony,Carmelo,1610612757,POR,37.0,69,39,30,0.565,24.5,4.7,11.3,0.421,1.9,4.7,0.409,2.0,2.2,0.89,0.5,2.6,3.1,1.5,0.9,0.7,0.6,0.3,2.1,1.9,13.4,-0.3,22.1,0,0,22.4,32,56,115,184,185,127,102,348,92,117,71,112,135,62,329,260,287,249,274,218,139,328,145,153,116,260,165,245,29,156,1,114.0,115.1,115.1,115.3,115.8,115.8,-1.2,-0.6,-0.6,0.097,1.7,10.3,0.017,0.107,0.06,6.0,6.0,0.506,0.547,0.228,0.232,99.94,99.23,82.69,99.23,0.088,3493,4.7,11.3,79,59,59,496,502,502,276,259,259,306,262,438,403,351,384,55,56,327,310,95,98,399,443,443,264,127,102,42,2020-21
1629035,Carsen Edwards,Carsen,1610612738,BOS,23.0,31,14,17,0.452,8.9,1.5,3.6,0.423,0.6,2.0,0.286,0.4,0.4,0.846,0.1,0.7,0.8,0.5,0.2,0.2,0.0,0.2,0.8,0.4,4.0,-0.8,6.2,0,0,6.4,378,357,346,322,457,407,406,340,323,303,369,452,471,127,510,490,503,463,500,455,488,430,458,472,416,301,462,245,29,454,1,106.2,105.1,105.1,110.5,109.2,109.2,-4.2,-4.1,-4.1,0.075,2.0,10.2,0.01,0.084,0.046,5.1,5.1,0.505,0.527,0.187,0.193,100.86,101.98,84.98,101.98,0.064,585,1.5,3.6,325,362,362,316,235,235,349,348,348,399,185,442,494,457,491,32,32,335,372,211,210,319,223,223,420,407,406,36,2020-21
1630199,Cassius Stanley,Cassius,1610612754,IND,21.0,24,10,14,0.417,3.9,0.5,1.8,0.302,0.1,0.5,0.231,0.3,0.4,0.778,0.3,0.5,0.8,0.0,0.0,0.0,0.1,0.4,0.6,0.3,1.5,0.8,2.9,0,0,2.8,417,411,379,373,521,506,491,511,432,442,432,470,481,254,398,516,504,530,529,509,452,242,494,504,508,168,520,245,29,521,1,97.2,97.5,97.5,91.4,88.1,88.1,5.9,9.4,9.4,0.017,1.0,2.0,0.067,0.11,0.087,2.0,2.0,0.337,0.383,0.198,0.205,101.41,103.13,85.94,103.13,0.027,200,0.5,1.8,497,488,488,12,8,8,78,32,32,526,424,530,103,336,233,13,13,511,511,165,161,271,142,142,514,506,491,34,2020-21
1630216,Cassius Winston,Cassius,1610612764,WAS,23.0,22,10,12,0.455,4.5,0.6,1.5,0.424,0.4,0.8,0.471,0.2,0.3,0.833,0.0,0.4,0.4,0.5,0.2,0.1,0.0,0.0,0.4,0.2,1.9,-2.2,3.4,0,0,3.5,427,411,405,318,513,499,503,336,374,420,16,488,502,145,518,522,530,435,498,496,479,497,517,507,497,413,515,245,29,509,1,95.9,92.8,92.8,119.3,114.2,114.2,-23.4,-21.4,-21.4,0.222,2.4,22.6,0.0,0.087,0.044,9.4,9.5,0.545,0.575,0.182,0.19,98.78,102.65,85.54,102.65,0.079,208,0.6,1.5,505,510,510,525,457,457,520,518,518,83,108,104,518,447,503,251,254,204,204,229,227,476,180,180,327,499,503,34,2020-21
1626224,Cedi Osman,Cedi,1610612739,CLE,26.0,59,17,42,0.288,25.6,3.7,9.9,0.374,1.7,5.5,0.306,1.3,1.6,0.8,0.6,2.8,3.4,2.9,1.4,0.9,0.2,0.6,2.0,1.6,10.4,-5.5,20.7,2,0,20.5,151,325,20,471,171,179,133,460,124,73,346,200,222,212,250,249,255,120,144,122,394,131,167,184,176,516,195,146,29,186,1,102.9,103.3,103.3,113.9,114.2,114.2,-11.0,-11.0,-11.0,0.173,2.18,19.8,0.024,0.113,0.067,9.1,9.1,0.458,0.488,0.198,0.203,99.34,99.0,82.5,99.0,0.073,3124,3.7,9.9,418,406,406,457,460,460,471,474,474,134,146,149,320,324,347,230,228,443,446,167,166,437,460,460,364,179,133,22,2020-21
1628990,Chandler Hutchison,Chandler,1610612764,WAS,25.0,25,11,14,0.44,13.8,1.6,4.1,0.379,0.3,0.9,0.364,0.8,1.0,0.84,0.2,2.9,3.1,0.7,0.8,0.5,0.2,0.3,1.3,1.1,4.3,-2.3,10.3,0,0,9.8,415,398,379,334,385,404,368,450,389,412,200,294,311,139,449,225,281,411,300,329,342,321,360,292,399,418,388,245,29,394,2,107.1,106.8,106.8,112.8,112.0,112.0,-5.7,-5.2,-5.2,0.061,0.85,11.3,0.016,0.195,0.106,13.2,13.2,0.417,0.469,0.155,0.159,106.91,107.44,89.53,107.44,0.061,766,1.6,4.1,293,313,313,418,378,378,392,377,377,464,464,412,414,77,155,461,460,483,472,359,359,24,24,24,435,404,368,34,2020-21
1629718,Charlie Brown Jr.,Charlie,1610612760,OKC,24.0,9,1,8,0.111,16.9,1.4,4.8,0.302,0.6,2.3,0.238,1.0,1.1,0.9,0.3,1.6,1.9,1.0,0.7,0.4,0.2,0.2,2.1,0.9,4.4,-4.8,9.5,0,0,9.2,491,515,454,526,333,413,328,511,330,270,428,246,300,49,398,394,406,341,350,344,330,376,138,347,394,504,401,245,29,405,1,100.5,100.3,100.3,114.5,113.0,113.0,-14.0,-12.7,-12.7,0.08,1.5,14.5,0.017,0.091,0.051,9.7,9.6,0.36,0.422,0.14,0.147,103.68,104.49,87.07,104.49,0.021,330,1.4,4.8,460,454,454,478,418,418,495,485,485,375,305,304,407,431,456,270,269,505,501,419,409,106,80,80,520,413,328,22,2020-21
1626184,Chasson Randle,Chasson,1610612753,ORL,28.0,41,10,31,0.244,20.4,2.2,5.8,0.388,1.1,3.2,0.338,0.9,1.2,0.792,0.2,1.8,2.0,1.8,1.1,0.5,0.1,0.3,1.6,0.9,6.5,-6.5,12.4,0,0,12.7,310,411,105,491,258,326,284,437,206,202,265,272,289,235,486,359,393,209,194,298,421,280,301,351,313,527,351,245,29,339,1,98.4,97.7,97.7,112.1,112.7,112.7,-13.7,-15.0,-15.0,0.143,1.61,19.6,0.008,0.084,0.045,12.2,12.2,0.481,0.515,0.154,0.16,100.79,100.9,84.08,100.9,0.054,1759,2.2,5.8,479,486,486,390,406,406,493,501,501,188,285,155,510,454,497,421,418,409,402,360,357,330,305,305,460,326,284,21,2020-21
1629002,Chimezie Metu,Chimezie,1610612758,SAC,24.0,36,14,22,0.389,13.6,2.5,5.0,0.508,0.4,1.0,0.351,0.9,1.2,0.721,0.9,2.3,3.1,0.8,0.8,0.4,0.5,0.3,1.6,0.9,6.3,-1.6,13.0,0,0,12.3,346,357,245,397,390,294,315,108,377,395,224,289,283,351,179,303,284,389,296,376,149,288,270,341,320,367,342,245,29,350,1,111.0,108.7,108.7,117.1,116.4,116.4,-6.1,-7.8,-7.8,0.08,0.97,10.9,0.064,0.175,0.118,11.3,11.4,0.545,0.571,0.194,0.201,102.08,103.51,86.26,103.51,0.083,1063,2.5,5.0,163,254,254,517,510,510,398,436,436,369,445,421,115,110,113,370,372,208,217,176,177,219,120,120,299,294,315,31,2020-21
1628449,Chris Boucher,Chris,1610612761,TOR,28.0,60,25,35,0.417,24.2,4.8,9.3,0.514,1.5,3.9,0.383,2.5,3.2,0.788,2.0,4.8,6.7,1.1,0.8,0.6,1.9,0.7,2.8,2.4,13.6,1.6,29.8,12,0,27.8,140,213,52,373,189,119,146,95,147,156,148,74,75,242,44,66,56,334,319,271,5,84,33,103,107,123,82,44,29,96,1,113.1,114.4,114.4,109.3,110.7,110.7,3.8,3.8,3.8,0.068,1.37,8.4,0.078,0.192,0.135,6.1,6.1,0.595,0.634,0.202,0.207,101.27,100.04,83.36,100.04,0.132,3020,4.8,9.3,104,76,76,241,307,307,118,123,123,431,340,485,81,82,73,59,60,80,63,154,157,289,370,370,54,119,146,27,2020-21
1629185,Chris Chiozza,Chris,1610612751,BKN,25.0,22,12,10,0.545,10.6,1.4,4.0,0.352,0.6,1.9,0.31,0.6,0.8,0.765,0.1,1.0,1.1,3.0,0.7,0.3,0.3,0.4,0.9,0.7,4.0,0.9,10.8,1,0,9.8,427,388,431,206,430,418,371,488,320,318,337,373,378,284,499,465,475,119,333,407,286,250,455,394,412,159,380,178,29,393,1,107.0,105.9,105.9,103.2,102.9,102.9,3.8,3.0,3.0,0.382,4.06,36.7,0.012,0.088,0.049,9.0,9.1,0.426,0.461,0.2,0.207,100.74,101.44,84.53,101.44,0.093,493,1.4,4.0,299,342,342,53,57,57,124,136,136,7,13,10,478,443,471,222,227,476,480,161,158,335,259,259,222,418,371,48,2020-21
101108,Chris Paul,Chris,1610612756,PHX,36.0,70,49,21,0.7,31.4,6.3,12.6,0.499,1.5,3.7,0.395,2.4,2.6,0.934,0.4,4.1,4.5,8.9,2.2,1.4,0.3,0.1,2.4,2.7,16.4,4.4,37.9,25,1,34.6,21,6,268,54,74,68,83,130,153,170,113,81,107,30,392,110,161,4,53,20,287,445,86,81,71,31,37,19,17,52,1,115.3,115.3,115.3,108.5,108.8,108.8,6.8,6.5,6.5,0.405,3.99,35.9,0.012,0.131,0.073,9.0,9.0,0.557,0.599,0.221,0.227,99.09,98.92,82.44,98.92,0.15,4539,6.3,12.6,57,57,57,193,209,209,64,68,68,5,17,12,475,256,301,217,215,161,130,109,112,456,466,466,33,68,83,51,2020-21
1629735,Chris Silva,Chris,1610612758,SAC,24.0,15,8,7,0.533,6.2,0.7,1.1,0.625,0.1,0.1,1.0,0.7,1.0,0.733,0.5,1.3,1.8,0.4,0.7,0.1,0.4,0.2,1.6,0.9,2.1,-0.1,5.6,0,0,5.3,458,434,466,219,490,496,520,25,456,504,1,330,311,330,327,421,414,477,350,503,198,396,285,356,483,246,473,245,29,474,2,103.7,100.0,100.0,102.2,100.5,100.5,1.5,-0.5,-0.5,0.102,0.6,15.4,0.082,0.217,0.153,25.6,25.9,0.656,0.708,0.151,0.158,102.0,104.72,87.27,104.72,0.064,201,0.7,1.1,395,458,458,44,37,37,178,254,254,283,497,286,71,51,52,530,530,18,11,374,364,226,75,75,418,496,520,31,2020-21
1626174,Christian Wood,Christian,1610612745,HOU,25.0,41,12,29,0.293,32.3,8.0,15.6,0.514,1.9,5.0,0.374,3.0,4.8,0.631,1.9,7.8,9.6,1.7,2.0,0.8,1.2,0.7,2.1,4.5,21.0,-2.4,39.2,19,0,38.2,310,388,129,465,56,29,46,96,98,98,172,53,36,438,50,13,16,219,74,142,29,85,134,32,37,424,34,22,29,31,1,107.6,108.8,108.8,111.1,112.6,112.6,-3.5,-3.8,-3.8,0.089,0.89,8.1,0.055,0.228,0.142,9.2,9.1,0.574,0.591,0.255,0.259,103.52,102.27,85.23,102.27,0.139,2829,8.0,15.6,279,250,250,348,402,402,330,341,341,333,460,491,141,43,61,234,232,116,153,51,55,111,205,205,45,29,46,17,2020-21
1629643,Chuma Okeke,Chuma,1610612753,ORL,22.0,45,15,30,0.333,25.2,3.0,7.2,0.417,1.1,3.1,0.348,0.7,0.9,0.75,0.9,3.1,4.0,2.2,0.8,1.1,0.5,0.3,1.1,0.8,7.8,-4.0,19.8,0,0,18.2,279,344,115,434,177,247,220,367,204,205,241,350,348,297,163,197,191,159,283,70,158,267,411,360,250,486,210,245,29,222,1,102.5,102.6,102.6,109.5,109.8,109.8,-7.0,-7.2,-7.2,0.132,2.66,21.1,0.033,0.117,0.074,7.9,7.9,0.492,0.511,0.142,0.146,101.04,100.85,84.04,100.85,0.084,2374,3.0,7.2,430,419,419,250,262,262,420,426,426,217,78,133,251,308,297,141,146,378,411,411,415,309,309,309,288,247,220,21,2020-21
203991,Clint Capela,Clint,1610612737,ATL,27.0,63,34,29,0.54,30.1,6.6,11.0,0.594,0.0,0.0,0.0,2.1,3.6,0.573,4.7,9.6,14.3,0.8,1.2,0.7,2.0,0.8,2.3,2.6,15.2,4.0,40.6,48,1,35.8,99,100,129,211,97,62,106,41,480,522,480,103,58,472,1,3,1,389,179,203,4,64,100,92,86,41,26,5,17,43,1,115.1,114.8,114.8,107.5,108.2,108.2,7.7,6.6,6.6,0.039,0.67,5.3,0.155,0.301,0.23,8.0,8.0,0.594,0.601,0.193,0.198,99.62,99.41,82.84,99.41,0.158,3927,6.6,11.0,60,67,67,144,184,184,46,66,66,509,487,518,2,6,2,146,148,81,124,182,189,421,429,429,24,62,106,41,2020-21
1629632,Coby White,Coby,1610612741,CHI,21.0,69,30,39,0.435,31.2,5.4,13.1,0.416,2.4,6.6,0.359,1.9,2.1,0.901,0.4,3.7,4.1,4.8,2.3,0.6,0.2,0.9,2.6,2.2,15.1,-1.6,27.2,5,0,27.9,32,143,29,339,77,99,70,370,52,35,213,124,157,48,358,142,182,53,48,295,333,55,58,115,88,361,103,90,29,95,1,108.1,108.6,108.6,110.6,111.3,111.3,-2.5,-2.7,-2.7,0.218,2.1,22.7,0.013,0.116,0.065,10.8,10.8,0.506,0.54,0.219,0.223,102.13,101.62,84.68,101.62,0.088,4572,5.4,13.1,265,256,256,323,336,336,305,309,309,86,165,103,459,314,359,341,343,329,336,113,121,213,251,251,260,99,70,31,2020-21
1628998,Cody Martin,Cody,1610612766,CHA,25.0,52,26,26,0.5,16.3,1.6,3.6,0.441,0.3,1.1,0.276,0.5,0.8,0.581,1.0,2.1,3.1,1.7,0.8,0.7,0.2,0.3,1.0,0.9,4.0,-0.1,12.2,1,0,10.9,215,201,181,251,343,399,403,271,392,389,388,405,366,468,144,325,288,234,316,196,321,286,419,337,415,239,355,178,29,369,1,108.7,109.1,109.1,108.1,108.1,108.1,0.7,1.0,1.0,0.138,2.15,25.9,0.059,0.126,0.092,12.0,12.0,0.484,0.5,0.123,0.126,100.37,100.16,83.47,100.16,0.073,1762,1.6,3.6,241,243,243,168,181,181,212,200,200,199,152,62,130,275,216,411,408,403,427,472,474,366,358,358,368,399,403,33,2020-21
203469,Cody Zeller,Cody,1610612766,CHA,28.0,48,21,27,0.438,20.9,3.8,6.8,0.559,0.1,0.6,0.143,1.8,2.5,0.714,2.5,4.4,6.8,1.8,1.1,0.6,0.4,0.6,2.5,2.4,9.4,0.9,22.0,8,0,19.9,251,264,163,335,249,178,239,57,448,436,468,133,115,356,22,88,53,213,209,286,228,105,69,102,200,161,172,64,29,190,1,110.6,112.3,112.3,111.1,110.3,110.3,-0.5,2.0,2.0,0.125,1.69,16.8,0.115,0.21,0.161,10.0,9.9,0.565,0.599,0.177,0.18,101.29,100.91,84.09,100.91,0.114,2113,3.8,6.8,172,143,143,349,285,285,254,175,175,232,264,235,30,58,37,290,291,138,132,254,265,285,304,304,114,178,239,33,2020-21
1630175,Cole Anthony,Cole,1610612753,ORL,21.0,47,13,34,0.277,27.1,4.7,11.7,0.397,1.2,3.7,0.337,2.3,2.8,0.832,0.8,3.9,4.7,4.1,2.3,0.6,0.4,1.0,2.1,2.8,12.9,-6.9,25.5,0,0,24.9,256,371,61,479,147,131,96,418,178,172,271,89,99,152,197,127,145,74,49,239,210,24,146,76,125,530,125,245,29,120,1,102.7,103.5,103.5,114.8,116.3,116.3,-12.1,-12.8,-12.8,0.241,1.81,21.2,0.027,0.142,0.081,11.7,11.7,0.449,0.496,0.235,0.24,101.1,100.08,83.4,100.08,0.091,2662,4.7,11.7,422,402,402,487,506,506,477,486,486,66,240,131,297,226,263,391,393,452,436,76,77,304,366,366,236,131,96,21,2020-21
1629012,Collin Sexton,Collin,1610612739,CLE,22.0,60,18,42,0.3,35.3,8.8,18.4,0.475,1.6,4.4,0.371,5.2,6.4,0.815,1.0,2.2,3.1,4.4,2.8,1.0,0.2,1.6,2.6,5.6,24.3,-6.3,35.4,1,0,35.9,140,312,20,458,12,20,16,183,131,129,178,16,14,191,153,319,282,65,31,78,382,2,50,9,22,525,53,178,29,41,1,103.6,104.8,104.8,113.7,114.0,114.0,-10.1,-9.2,-9.2,0.222,1.57,15.5,0.027,0.063,0.044,9.9,9.8,0.519,0.573,0.286,0.295,99.97,99.26,82.72,99.26,0.115,4386,8.8,18.4,398,372,372,449,454,454,464,453,453,84,293,283,296,518,498,283,282,291,212,29,25,395,440,440,106,20,16,22,2020-21
202709,Cory Joseph,Cory,1610612765,DET,29.0,63,25,38,0.397,23.0,3.2,6.8,0.469,0.7,2.1,0.341,1.1,1.4,0.818,0.6,2.0,2.5,3.4,1.3,1.0,0.3,0.4,2.2,1.8,8.2,-3.1,18.8,2,0,17.3,99,213,32,391,211,233,238,199,289,294,258,224,252,173,283,346,338,97,160,99,270,236,123,159,236,454,222,146,29,240,2,108.9,109.8,109.8,114.5,115.3,115.3,-5.6,-5.5,-5.5,0.204,2.7,28.2,0.024,0.085,0.055,10.4,10.4,0.522,0.556,0.159,0.163,101.52,100.79,83.99,100.79,0.079,3024,3.2,6.8,230,214,214,476,489,489,389,381,381,104,72,40,322,450,435,328,329,274,264,340,342,261,314,314,328,233,238,20,2020-21
1626245,Cristiano Felicio,Cristiano,1610612741,CHI,28.0,18,6,12,0.333,4.6,0.4,0.7,0.538,0.0,0.1,0.0,0.5,0.9,0.563,0.6,0.9,1.4,0.5,0.2,0.2,0.0,0.1,0.6,0.7,1.3,1.2,4.2,0,0,3.7,443,456,405,434,511,514,530,72,480,499,480,397,348,477,283,473,451,444,502,456,495,489,499,398,511,137,498,245,29,506,1,100.9,96.7,96.7,93.1,89.7,89.7,7.8,7.1,7.1,0.155,2.25,26.5,0.112,0.205,0.156,11.8,12.1,0.538,0.574,0.117,0.122,98.79,102.84,85.7,102.84,0.112,184,0.4,0.7,457,495,495,15,12,12,45,59,59,162,129,56,33,62,48,396,414,222,209,491,486,475,167,167,124,514,530,31,2020-21
1626156,D'Angelo Russell,D'Angelo,1610612750,MIN,25.0,42,16,26,0.381,28.5,6.7,15.5,0.431,2.9,7.4,0.387,2.7,3.5,0.765,0.4,2.3,2.6,5.8,2.7,1.1,0.4,0.4,1.6,3.3,19.0,-4.6,32.7,6,0,33.3,303,331,181,405,124,59,47,319,23,25,141,63,59,283,378,301,327,31,39,69,186,201,277,54,53,498,67,77,29,60,1,109.1,109.7,109.7,115.5,116.8,116.8,-6.3,-7.0,-7.0,0.323,2.18,22.8,0.012,0.077,0.044,10.4,10.4,0.523,0.555,0.283,0.29,105.04,104.18,86.82,104.18,0.114,2591,6.7,15.5,224,218,218,498,515,515,404,422,422,23,144,101,469,484,502,326,328,271,271,32,31,47,91,91,111,59,47,23,2020-21
201571,D.J. Augustin,D.J.,1610612745,HOU,33.0,57,28,29,0.491,19.8,2.4,6.0,0.394,1.5,3.8,0.382,1.5,1.6,0.904,0.4,1.3,1.6,3.3,1.1,0.5,0.0,0.5,1.0,1.4,7.7,-0.7,15.0,0,0,15.1,172,177,129,273,266,313,274,426,154,161,149,173,219,47,394,426,428,103,186,321,492,172,431,233,256,292,306,245,29,287,2,111.4,112.7,112.7,114.1,114.5,114.5,-2.7,-1.8,-1.8,0.223,2.89,29.7,0.017,0.063,0.04,10.3,10.2,0.515,0.57,0.164,0.169,102.74,101.99,84.99,101.99,0.079,2401,2.4,6.0,150,130,130,465,470,470,312,286,286,82,56,34,405,519,515,315,312,301,222,308,313,164,221,221,318,313,274,17,2020-21
1628391,D.J. Wilson,D.J.,1610612745,HOU,25.0,35,13,22,0.371,12.4,1.9,4.8,0.405,0.9,2.5,0.345,0.5,0.7,0.68,0.6,2.6,3.2,0.7,0.6,0.3,0.5,0.3,1.3,0.6,5.2,-3.0,11.7,1,0,11.5,354,371,245,411,410,358,326,396,254,252,248,403,391,401,276,264,272,417,368,408,174,312,370,413,360,451,367,178,29,357,2,100.5,99.7,99.7,109.5,111.0,111.0,-9.0,-11.3,-11.3,0.088,1.05,10.3,0.042,0.199,0.12,9.8,9.8,0.494,0.511,0.195,0.203,102.34,102.07,85.06,102.07,0.087,919,1.9,4.8,464,465,465,253,322,322,453,477,477,337,413,439,196,71,107,280,284,369,410,172,169,194,217,217,271,358,326,17,2020-21
1629610,DaQuan Jeffries,DaQuan,1610612759,SAS,23.0,31,6,25,0.194,15.9,1.6,3.9,0.417,0.6,2.2,0.299,0.2,0.3,0.875,0.6,1.7,2.3,0.7,0.5,0.5,0.3,0.3,1.5,0.6,4.1,-1.8,9.9,0,0,9.4,378,456,201,514,356,397,381,367,311,285,356,489,505,77,261,383,365,408,425,324,250,342,303,420,408,381,398,245,29,403,2,108.9,109.0,109.0,114.8,113.4,113.4,-5.9,-4.5,-4.5,0.059,1.57,13.8,0.036,0.103,0.068,8.8,8.8,0.5,0.514,0.114,0.117,104.17,104.76,87.3,104.76,0.045,1072,1.6,3.9,231,247,247,488,433,433,394,363,363,473,292,330,231,371,334,192,192,350,404,501,499,88,72,72,487,397,381,33,2020-21
1629751,Dakota Mathias,Dakota,1610612755,PHI,25.0,8,4,4,0.5,15.4,2.4,6.0,0.396,1.0,3.3,0.308,0.3,0.8,0.333,0.1,0.8,0.9,1.6,0.1,0.1,0.4,0.0,0.9,0.6,6.0,-3.9,10.9,0,0,10.5,495,474,492,251,362,310,276,419,218,197,340,479,384,513,503,486,499,238,524,488,217,503,452,415,327,482,379,245,29,377,1,97.4,97.3,97.3,108.2,107.9,107.9,-10.7,-10.6,-10.6,0.157,13.0,20.3,0.007,0.041,0.023,1.6,1.5,0.479,0.474,0.166,0.173,102.66,102.83,85.7,102.83,0.062,263,2.4,6.0,495,489,489,172,168,168,468,471,471,159,1,141,512,531,533,12,12,412,467,298,289,172,168,168,433,310,276,49,2020-21
1627745,Damian Jones,Damian,1610612758,SAC,26.0,39,24,15,0.615,14.0,1.8,2.6,0.68,0.0,0.1,0.2,1.1,1.5,0.724,0.9,2.2,3.1,0.7,0.7,0.3,0.7,0.2,2.0,1.4,4.7,-1.7,11.9,1,0,10.6,326,223,372,134,381,378,452,10,474,495,443,236,235,349,167,314,286,400,350,426,93,394,179,240,385,373,360,178,29,373,3,105.7,104.9,104.9,110.3,110.0,110.0,-4.6,-5.1,-5.1,0.075,1.12,15.8,0.064,0.156,0.109,14.1,14.2,0.684,0.712,0.12,0.123,102.39,102.95,85.79,102.95,0.083,1167,1.8,2.6,348,369,369,303,269,269,359,374,374,397,395,272,113,172,139,484,486,12,9,478,481,191,153,153,296,378,452,31,2020-21
203081,Damian Lillard,Damian,1610612757,POR,30.0,67,39,28,0.582,35.8,9.0,19.9,0.451,4.1,10.5,0.391,6.7,7.2,0.928,0.5,3.7,4.2,7.5,3.0,0.9,0.3,1.0,1.5,6.3,28.8,3.0,45.7,16,0,47.0,58,56,143,164,8,18,8,241,2,2,125,5,8,32,323,140,177,9,25,108,306,28,313,4,3,59,13,26,29,8,1,117.3,119.6,119.6,114.6,115.6,115.6,2.7,4.0,4.0,0.334,2.49,22.5,0.012,0.104,0.057,9.0,9.0,0.554,0.623,0.306,0.311,101.8,100.4,83.67,100.4,0.158,5014,9.0,19.9,20,10,10,481,497,497,146,116,116,16,96,105,464,364,409,223,219,174,75,12,13,238,344,344,23,18,8,42,2020-21
1627814,Damion Lee,Damion,1610612744,GSW,28.0,57,28,29,0.491,18.9,2.2,4.8,0.467,1.4,3.4,0.397,0.7,0.8,0.909,0.4,2.8,3.2,1.3,0.5,0.7,0.1,0.1,1.6,1.1,6.5,0.7,14.1,0,0,13.9,172,177,129,273,292,325,325,206,161,187,110,342,379,43,374,246,278,287,399,218,408,493,300,294,310,171,323,245,29,309,1,110.0,109.7,109.7,108.7,108.2,108.2,1.3,1.6,1.6,0.094,2.43,18.5,0.02,0.142,0.081,7.6,7.6,0.608,0.636,0.127,0.13,102.8,103.21,86.01,103.21,0.088,2322,2.2,4.8,194,217,217,203,182,182,184,186,186,320,104,187,367,225,265,116,117,60,57,463,464,158,136,136,257,325,325,39,2020-21
1628422,Damyean Dotson,Damyean,1610612739,CLE,27.0,46,14,32,0.304,19.7,2.6,6.4,0.406,1.0,3.5,0.289,0.5,0.8,0.667,0.1,1.9,2.0,2.0,0.9,0.3,0.1,0.3,0.9,0.8,6.7,-4.7,12.5,0,0,12.6,268,357,88,455,268,285,255,394,218,183,366,393,376,407,507,349,391,180,263,392,450,291,442,371,299,500,350,245,29,342,1,97.0,97.0,97.0,109.9,109.4,109.4,-12.8,-12.5,-12.5,0.161,2.17,20.6,0.005,0.095,0.048,9.5,9.5,0.485,0.499,0.162,0.167,99.47,99.68,83.07,99.68,0.069,1893,2.6,6.4,499,493,493,272,247,247,487,482,482,151,147,137,515,411,472,253,256,399,431,327,322,429,405,405,391,285,255,22,2020-21
1629655,Daniel Gafford,Daniel,1610612764,WAS,22.0,54,31,23,0.574,14.7,2.9,4.2,0.684,0.0,0.0,0.0,1.3,2.0,0.667,1.7,2.5,4.3,0.5,0.8,0.5,1.4,0.2,1.8,1.7,7.0,0.9,17.8,2,0,15.6,196,130,233,175,374,259,366,9,480,522,480,190,161,407,57,269,173,438,323,328,14,376,218,170,284,156,248,146,29,277,2,112.3,112.5,112.5,108.5,108.4,108.4,3.8,4.1,4.1,0.051,0.71,8.5,0.118,0.16,0.14,12.0,12.0,0.684,0.697,0.161,0.165,104.74,104.72,87.26,104.72,0.122,1717,2.9,4.2,130,136,136,195,193,193,125,113,113,489,485,480,26,156,63,409,407,13,14,334,335,58,76,76,84,259,366,34,2020-21
1630187,Daniel Oturu,Daniel,1610612746,LAC,21.0,30,21,9,0.7,5.4,0.7,1.7,0.423,0.0,0.2,0.2,0.3,0.4,0.75,0.7,0.9,1.6,0.3,0.3,0.1,0.2,0.4,0.8,0.3,1.8,0.3,5.0,1,0,4.5,385,264,441,54,500,488,494,342,468,489,443,466,474,297,228,471,431,487,472,485,320,199,459,500,498,204,484,178,29,490,1,106.7,104.2,104.2,104.3,102.5,102.5,2.4,1.8,1.8,0.092,1.11,13.0,0.119,0.157,0.138,11.7,11.8,0.433,0.471,0.174,0.181,95.88,97.85,81.54,97.85,0.073,330,0.7,1.7,314,385,385,65,54,54,153,181,181,321,397,356,25,167,68,392,398,466,470,266,258,534,508,508,363,488,494,47,2020-21
1628464,Daniel Theis,Daniel,1610612741,CHI,29.0,65,28,37,0.431,24.6,3.9,7.2,0.541,0.8,2.3,0.322,1.1,1.7,0.673,1.4,4.0,5.5,1.7,1.0,0.6,0.9,0.4,2.6,1.8,9.6,-0.5,22.2,6,0,20.6,81,177,37,351,183,170,222,71,276,269,309,228,211,404,86,114,99,232,226,242,70,219,63,166,192,272,164,77,29,184,2,108.9,109.4,109.4,110.8,110.8,110.8,-1.9,-1.3,-1.3,0.097,1.64,15.7,0.057,0.164,0.11,9.6,9.6,0.593,0.609,0.154,0.158,100.0,99.75,83.13,99.75,0.095,3333,3.9,7.2,235,231,231,333,312,312,291,274,274,307,275,274,133,139,136,262,266,83,103,362,362,392,398,398,213,170,222,31,2020-21
201568,Danilo Gallinari,Danilo,1610612737,ATL,32.0,51,29,22,0.569,24.0,4.0,9.3,0.434,2.0,5.0,0.406,3.2,3.4,0.925,0.3,3.8,4.1,1.5,0.8,0.6,0.2,0.4,2.1,2.5,13.3,1.8,22.0,2,0,22.5,226,158,245,181,195,161,147,306,76,102,80,48,64,33,398,135,179,255,285,269,350,212,152,97,118,111,173,146,29,154,1,114.1,113.0,113.0,111.4,110.3,110.3,2.7,2.7,2.7,0.099,1.77,11.4,0.015,0.155,0.087,6.4,6.4,0.542,0.613,0.211,0.219,97.87,98.8,82.33,98.8,0.112,2526,4.0,9.3,76,122,122,360,290,290,147,149,149,295,249,405,445,174,234,71,72,214,93,135,132,509,474,474,129,161,147,41,2020-21
201980,Danny Green,Danny,1610612755,PHI,34.0,69,46,23,0.667,28.0,3.2,7.9,0.412,2.5,6.3,0.405,0.4,0.6,0.775,0.8,3.0,3.8,1.7,1.0,1.3,0.8,0.2,1.8,0.6,9.5,4.5,22.0,1,0,21.8,32,14,233,79,128,224,191,378,36,49,81,418,434,265,198,211,214,220,244,27,80,424,220,418,198,29,169,178,29,163,1,114.1,114.5,114.5,106.0,107.4,107.4,8.0,7.1,7.1,0.08,1.76,15.8,0.029,0.1,0.066,9.0,9.0,0.573,0.582,0.138,0.141,102.13,101.26,84.38,101.26,0.073,4090,3.2,7.9,77,73,73,103,154,154,44,57,57,370,251,267,271,386,350,215,213,119,183,426,431,212,277,277,362,224,191,49,2020-21
203957,Dante Exum,Dante,1610612745,HOU,25.0,6,3,3,0.5,19.4,1.7,4.3,0.385,0.3,1.8,0.182,0.2,0.3,0.5,0.3,2.5,2.8,2.2,1.2,0.7,0.3,0.0,1.5,1.2,3.8,1.0,12.3,0,0,11.2,506,482,502,251,276,389,353,441,381,323,458,498,485,488,398,275,311,167,176,218,238,503,315,271,421,153,354,245,29,365,1,99.1,99.6,99.6,95.7,96.0,96.0,3.3,3.6,3.6,0.155,1.86,27.7,0.015,0.129,0.069,14.9,14.9,0.423,0.428,0.119,0.121,103.11,102.7,85.58,102.7,0.058,247,1.7,4.3,476,466,466,20,21,21,133,124,124,165,228,43,436,264,331,494,494,480,498,483,489,140,178,178,446,389,353,17,2020-21
1627863,Danuel House Jr.,Danuel,1610612745,HOU,28.0,36,8,28,0.222,25.9,3.1,7.6,0.404,1.5,4.3,0.346,1.1,1.8,0.651,0.5,3.2,3.7,1.9,1.0,0.6,0.4,0.3,1.9,1.6,8.8,-6.2,18.0,0,0,17.8,346,434,143,500,162,245,204,400,147,136,246,226,204,423,303,192,219,190,227,290,181,288,205,187,218,523,243,245,29,228,1,101.9,103.4,103.4,113.9,114.5,114.5,-11.9,-11.2,-11.2,0.11,1.92,17.1,0.018,0.121,0.067,8.9,8.9,0.504,0.525,0.153,0.155,102.92,101.91,84.93,101.91,0.065,1979,3.1,7.6,435,404,404,456,471,471,476,476,476,262,218,226,401,290,340,208,206,338,373,369,375,148,231,231,415,245,204,17,2020-21
203967,Dario Saric,Dario,1610612756,PHX,27.0,50,37,13,0.74,17.4,3.1,6.8,0.447,0.9,2.7,0.348,1.7,2.0,0.848,0.9,2.9,3.8,1.3,1.1,0.6,0.1,0.6,1.9,1.8,8.7,4.4,16.2,0,0,16.1,238,73,391,24,316,244,234,256,238,233,236,147,172,120,168,225,211,283,188,259,455,116,196,164,220,35,282,245,29,264,1,117.1,115.9,115.9,106.1,104.4,104.4,10.9,11.5,11.5,0.104,1.14,12.7,0.055,0.168,0.112,11.2,11.2,0.516,0.567,0.218,0.224,99.96,101.27,84.39,101.27,0.094,1840,3.1,6.8,28,51,51,105,72,72,25,21,21,278,388,363,144,132,126,363,365,297,232,116,118,398,273,273,217,244,234,51,2020-21
1629647,Darius Bazley,Darius,1610612760,OKC,21.0,55,16,39,0.291,31.2,5.0,12.5,0.396,1.5,5.2,0.29,2.3,3.2,0.702,0.9,6.3,7.2,1.8,2.2,0.5,0.5,1.0,1.1,2.3,13.7,-8.7,25.8,11,0,26.2,189,331,29,469,79,110,85,420,145,88,364,92,72,378,166,28,43,211,56,301,176,37,407,107,106,535,120,51,29,106,1,99.8,100.7,100.7,113.3,113.8,113.8,-13.5,-13.1,-13.1,0.091,0.81,10.0,0.027,0.193,0.108,12.3,12.3,0.456,0.491,0.218,0.221,103.1,102.43,85.36,102.43,0.086,3659,5.0,12.5,470,448,448,442,447,447,491,489,489,322,467,449,293,78,147,431,431,445,441,117,127,142,191,191,277,110,85,22,2020-21
1629636,Darius Garland,Darius,1610612739,CLE,21.0,54,18,36,0.333,33.1,6.7,14.9,0.451,1.9,4.9,0.395,2.1,2.4,0.848,0.4,2.0,2.4,6.1,3.0,1.2,0.1,0.7,2.0,2.7,17.4,-4.4,30.4,6,0,30.5,196,312,45,434,45,58,54,240,85,103,115,101,116,120,346,347,355,23,24,36,426,88,159,78,62,495,78,77,29,73,1,104.8,105.7,105.7,111.2,112.3,112.3,-6.5,-6.6,-6.6,0.298,2.01,24.4,0.013,0.062,0.037,12.1,12.1,0.517,0.547,0.245,0.25,99.67,98.78,82.32,98.78,0.101,3687,6.7,14.9,377,346,346,354,391,391,407,414,414,35,184,80,458,523,525,414,415,295,306,65,67,417,476,476,166,58,54,22,2020-21
203121,Darius Miller,Darius,1610612760,OKC,31.0,18,5,13,0.278,10.9,1.2,2.7,0.458,0.9,2.3,0.405,0.7,0.7,1.0,0.1,1.2,1.3,1.2,0.4,0.7,0.3,0.0,0.7,0.4,4.1,2.1,10.0,0,0,9.5,443,465,391,477,427,433,450,222,236,270,83,350,401,1,505,437,462,313,428,186,278,503,474,470,411,105,397,245,29,400,1,107.1,105.3,105.3,99.5,98.1,98.1,7.6,7.2,7.2,0.151,2.63,25.9,0.011,0.103,0.06,9.9,9.7,0.635,0.685,0.127,0.134,103.31,104.88,87.4,104.88,0.115,433,1.2,2.7,294,356,356,25,25,25,47,56,56,175,81,61,490,372,392,284,277,34,17,462,453,127,64,64,105,433,450,22,2020-21
1628021,David Nwaba,David,1610612745,HOU,28.0,30,8,22,0.267,22.6,3.5,7.3,0.486,0.6,2.1,0.27,1.6,2.3,0.691,1.3,2.6,3.9,1.0,0.6,1.0,0.7,0.9,2.0,2.0,9.2,-0.9,20.0,1,0,18.1,385,434,245,483,216,195,218,145,329,292,393,165,133,388,100,267,203,335,390,87,98,53,169,134,206,314,205,178,29,224,1,105.5,106.8,106.8,106.2,108.0,108.0,-0.7,-1.3,-1.3,0.07,1.82,10.5,0.055,0.108,0.081,5.8,5.7,0.525,0.557,0.163,0.166,104.47,102.96,85.8,102.96,0.089,1451,3.5,7.3,361,314,314,109,173,173,261,272,272,424,232,430,143,347,266,49,48,267,262,319,328,73,151,151,249,195,218,17,2020-21
202722,Davis Bertans,Davis,1610612764,WAS,28.0,57,29,28,0.509,25.7,3.4,8.4,0.404,3.0,7.5,0.395,1.8,2.0,0.87,0.3,2.6,2.9,0.9,0.6,0.6,0.2,0.1,2.4,1.3,11.5,1.9,18.2,0,0,19.9,172,158,143,248,169,210,176,401,18,23,114,137,160,83,413,262,304,369,386,274,326,469,84,244,148,106,236,245,29,194,1,111.8,112.8,112.8,110.5,110.8,110.8,1.3,2.1,2.1,0.043,1.48,8.2,0.011,0.095,0.053,5.5,5.4,0.581,0.62,0.148,0.155,107.17,106.56,88.8,106.56,0.069,3269,3.4,8.4,137,126,126,319,314,314,185,172,172,502,311,488,485,410,445,42,39,100,77,382,374,22,34,34,389,210,176,34,2020-21
1628368,De'Aaron Fox,De'Aaron,1610612758,SAC,23.0,58,24,34,0.414,35.1,9.1,19.1,0.477,1.8,5.5,0.322,5.2,7.2,0.719,0.6,2.9,3.5,7.2,3.0,1.5,0.5,1.1,2.9,5.5,25.2,-3.4,43.1,11,0,41.6,157,223,61,377,13,15,12,178,112,71,311,17,10,354,278,218,233,12,27,15,169,16,22,11,16,463,21,51,29,22,1,112.7,113.5,113.5,117.0,118.0,118.0,-4.3,-4.5,-4.5,0.326,2.4,22.2,0.016,0.085,0.05,9.3,9.2,0.523,0.565,0.304,0.309,102.67,101.86,84.89,101.86,0.124,4320,9.1,19.1,123,108,108,515,522,522,350,361,361,22,110,112,419,451,461,239,239,272,240,13,15,169,236,236,73,15,12,31,2020-21
1629631,De'Andre Hunter,De'Andre,1610612737,ATL,23.0,23,12,11,0.522,29.5,5.2,10.8,0.484,1.3,4.1,0.326,3.2,3.7,0.859,0.7,4.0,4.8,1.9,1.3,0.8,0.5,0.3,2.6,3.2,15.0,3.7,26.3,1,0,25.7,420,388,422,235,107,104,108,152,162,145,306,47,54,102,220,116,134,192,159,145,146,258,64,60,89,50,113,178,29,110,1,110.5,111.3,111.3,105.4,105.9,105.9,5.1,5.5,5.5,0.098,1.52,12.2,0.024,0.125,0.076,8.1,8.1,0.546,0.603,0.194,0.196,102.4,101.8,84.83,101.8,0.104,1440,5.2,10.8,176,165,165,84,105,105,93,85,85,296,302,386,318,281,287,153,157,200,120,180,191,190,239,239,156,104,108,41,2020-21
1629001,De'Anthony Melton,De'Anthony,1610612763,MEM,23.0,52,27,25,0.519,20.1,3.3,7.6,0.438,1.7,4.1,0.412,0.8,1.0,0.804,0.6,2.5,3.1,2.5,1.3,1.2,0.6,0.4,1.6,1.2,9.1,2.3,20.6,1,0,19.9,215,189,201,239,260,219,202,291,125,149,58,310,327,207,275,272,288,137,157,50,126,197,272,261,209,89,197,178,29,193,1,110.2,111.4,111.4,105.5,105.4,105.4,4.7,6.0,6.0,0.172,2.0,21.6,0.026,0.118,0.072,10.8,10.8,0.548,0.568,0.189,0.193,103.21,102.73,85.61,102.73,0.1,2230,3.3,7.6,187,163,163,89,94,94,100,77,77,136,185,123,300,299,311,342,342,192,226,205,207,133,174,174,171,219,202,38,2020-21
201599,DeAndre Jordan,DeAndre,1610612751,BKN,32.0,57,37,20,0.649,21.9,3.3,4.4,0.763,0.0,0.0,0.0,0.8,1.6,0.5,2.1,5.4,7.5,1.6,1.5,0.3,1.1,0.1,2.0,1.5,7.5,-0.7,21.7,6,0,19.5,172,73,284,107,230,214,349,4,480,519,480,305,221,488,38,46,34,237,130,419,31,469,161,215,267,296,175,77,29,202,1,113.4,113.0,113.0,112.8,114.8,114.8,0.6,-1.9,-1.9,0.099,1.09,19.9,0.097,0.231,0.168,18.2,18.2,0.763,0.736,0.128,0.131,101.76,101.05,84.2,101.05,0.112,2626,3.3,4.4,98,123,123,419,481,481,217,289,289,292,401,147,47,40,29,521,520,4,5,454,460,243,298,298,128,214,349,48,2020-21
1627761,DeAndre' Bembry,DeAndre',1610612761,TOR,26.0,51,23,28,0.451,19.1,2.3,4.5,0.513,0.3,1.0,0.264,0.9,1.3,0.682,0.6,2.2,2.9,2.1,1.4,1.0,0.4,0.4,1.7,1.1,5.7,0.1,15.1,0,0,13.8,226,234,143,323,288,320,343,99,402,394,398,285,270,398,246,306,309,172,138,74,230,212,244,296,331,222,302,245,29,315,1,108.1,108.1,108.1,107.5,107.7,107.7,0.6,0.4,0.4,0.157,1.51,24.6,0.033,0.112,0.072,16.3,16.3,0.544,0.57,0.142,0.146,101.19,101.1,84.25,101.1,0.079,2046,2.3,4.5,267,269,269,145,163,163,216,222,222,158,304,79,252,329,307,510,510,211,220,409,417,296,292,292,329,320,343,27,2020-21
201942,DeMar DeRozan,DeMar,1610612759,SAS,31.0,61,27,34,0.443,33.7,7.5,15.1,0.495,0.3,1.2,0.257,6.3,7.2,0.88,0.7,3.6,4.2,6.9,2.0,0.9,0.2,1.0,2.1,5.4,21.6,-1.7,38.6,13,0,35.4,124,189,61,332,34,40,50,137,390,384,407,7,9,73,244,152,175,14,75,113,312,34,142,13,32,374,35,35,29,46,1,111.7,113.0,113.0,114.7,115.5,115.5,-3.0,-2.5,-2.5,0.309,3.55,25.7,0.019,0.106,0.062,7.2,7.2,0.505,0.591,0.255,0.26,101.05,100.09,83.41,100.09,0.139,4289,7.5,15.1,143,121,121,486,494,494,325,307,307,28,24,67,383,357,378,96,96,332,154,50,53,308,365,365,44,40,50,33,2020-21
202326,DeMarcus Cousins,DeMarcus,1610612746,LAC,30.0,41,22,19,0.537,17.4,3.2,7.4,0.426,1.1,3.3,0.348,1.4,2.0,0.728,1.3,5.1,6.4,1.9,1.6,0.8,0.6,0.5,2.6,2.2,8.9,-1.5,22.1,7,0,21.2,310,252,306,215,317,234,210,330,194,194,236,181,174,340,103,54,68,202,120,142,129,142,55,118,215,350,167,70,29,174,2,102.5,103.4,103.4,106.2,106.6,106.6,-3.7,-3.2,-3.2,0.174,1.19,15.9,0.07,0.293,0.178,13.4,13.3,0.503,0.537,0.239,0.244,102.58,101.91,84.92,101.91,0.13,1508,3.2,7.4,429,403,403,108,121,121,335,324,324,133,381,266,97,8,20,466,466,341,343,72,70,177,232,232,60,234,210,47,2020-21
1629731,Dean Wade,Dean,1610612739,CLE,24.0,63,19,44,0.302,19.2,2.1,4.9,0.431,1.2,3.4,0.366,0.5,0.6,0.769,0.6,2.8,3.4,1.2,0.5,0.6,0.3,0.1,1.2,0.6,6.0,-3.5,14.0,1,0,13.6,99,298,15,457,280,342,318,320,177,190,194,409,415,274,264,238,252,310,415,290,238,445,373,436,328,469,326,178,29,318,1,102.3,102.9,102.9,112.3,111.9,111.9,-10.0,-9.0,-9.0,0.094,2.47,17.2,0.031,0.154,0.09,7.0,6.9,0.556,0.573,0.128,0.131,99.19,99.06,82.55,99.06,0.082,2503,2.1,4.9,431,412,412,399,372,372,463,448,448,318,97,224,265,183,224,91,92,166,213,458,463,452,455,455,307,342,318,22,2020-21
1629028,Deandre Ayton,Deandre,1610612756,PHX,22.0,69,48,21,0.696,30.6,6.2,10.0,0.626,0.1,0.3,0.2,1.9,2.5,0.769,3.3,7.2,10.5,1.4,1.5,0.6,1.2,0.7,2.8,2.4,14.4,4.0,33.1,33,0,30.0,32,9,268,62,90,69,131,24,460,470,443,115,111,279,9,14,13,263,129,267,27,88,29,104,95,43,64,11,29,77,1,116.3,117.1,117.1,110.3,110.8,110.8,6.0,6.3,6.3,0.066,0.96,10.3,0.117,0.236,0.179,10.7,10.7,0.629,0.653,0.179,0.183,98.6,98.05,81.71,98.05,0.13,4320,6.2,10.0,42,32,32,305,315,315,77,70,70,442,446,437,28,34,19,339,339,39,38,247,252,484,504,504,59,69,131,51,2020-21
1629686,Deividas Sirvydis,Deividas,1610612765,DET,21.0,20,8,12,0.4,6.7,0.7,2.0,0.35,0.5,1.4,0.357,0.2,0.3,0.5,0.0,1.5,1.5,0.3,0.3,0.1,0.0,0.1,0.5,0.3,2.1,-1.2,4.2,0,0,4.5,435,434,405,382,485,495,477,490,342,366,215,506,494,488,518,405,450,496,491,494,495,471,505,504,487,331,497,245,29,494,1,98.0,97.2,97.2,110.0,106.9,106.9,-11.9,-9.7,-9.7,0.062,1.0,9.6,0.0,0.225,0.107,9.6,9.5,0.475,0.481,0.15,0.157,98.75,100.61,83.84,100.61,0.07,281,0.7,2.0,485,492,492,282,129,129,475,459,459,463,424,459,518,46,152,265,254,419,457,377,365,477,325,325,386,495,477,20,2020-21
1627749,Dejounte Murray,Dejounte,1610612759,SAS,24.0,67,32,35,0.478,31.9,6.6,14.5,0.453,0.9,3.0,0.317,1.6,2.0,0.791,0.9,6.2,7.1,5.4,1.7,1.5,0.1,0.8,2.0,2.0,15.7,1.3,35.4,13,4,32.3,58,115,52,288,66,61,57,238,237,214,320,160,161,236,176,31,48,38,93,14,432,59,168,142,79,134,55,35,10,65,1,110.3,111.8,111.8,109.2,109.5,109.5,1.1,2.3,2.3,0.246,3.1,24.0,0.026,0.19,0.108,7.7,7.7,0.485,0.509,0.231,0.234,100.79,100.02,83.35,100.02,0.124,4452,6.6,14.5,179,154,154,239,249,249,195,162,162,62,40,82,306,84,149,126,127,397,418,85,93,331,373,373,75,61,57,33,2020-21
1626153,Delon Wright,Delon,1610612758,SAC,29.0,63,21,42,0.333,27.7,3.8,8.2,0.463,1.0,2.7,0.372,1.6,2.0,0.802,1.0,3.2,4.3,4.4,1.3,1.6,0.5,0.6,1.2,2.1,10.2,-1.7,26.9,3,0,24.1,99,264,20,434,133,175,182,215,216,232,175,157,161,211,141,181,174,63,150,10,167,122,379,123,179,371,107,115,29,131,2,107.3,108.3,108.3,110.9,111.8,111.8,-3.6,-3.5,-3.5,0.237,3.35,29.7,0.036,0.122,0.077,8.9,8.9,0.525,0.562,0.163,0.165,99.75,98.91,82.43,98.91,0.115,3610,3.8,8.2,287,263,263,341,366,366,333,333,333,71,33,35,230,287,280,200,203,268,247,320,334,414,467,467,109,175,182,31,2020-21
1630166,Deni Avdija,Deni,1610612764,WAS,20.0,54,25,29,0.463,23.3,2.4,5.8,0.417,1.0,3.1,0.315,0.5,0.8,0.644,0.4,4.4,4.9,1.2,0.6,0.6,0.3,0.3,2.6,0.8,6.3,-1.5,15.9,2,0,15.1,196,213,129,310,207,307,285,367,227,206,325,388,364,430,357,84,128,313,374,268,278,304,59,367,318,353,286,146,29,288,1,107.2,107.8,107.8,110.4,109.9,109.9,-3.2,-2.1,-2.1,0.064,1.91,14.8,0.017,0.181,0.099,7.7,7.7,0.502,0.515,0.118,0.121,106.3,106.28,88.57,106.28,0.06,2773,2.4,5.8,289,279,279,311,266,266,326,298,298,450,219,300,412,101,190,125,124,347,400,487,490,33,37,37,439,307,285,34,2020-21
203471,Dennis Schröder,Dennis,1610612747,LAL,27.0,61,38,23,0.623,32.1,5.4,12.5,0.437,1.2,3.5,0.335,3.4,4.0,0.848,0.5,3.0,3.5,5.8,2.7,1.1,0.2,1.2,2.6,3.7,15.4,1.4,29.6,6,0,28.5,124,65,233,127,62,96,87,295,191,182,279,39,46,124,318,213,243,33,37,53,335,6,56,43,83,130,87,77,29,86,1,109.6,110.8,110.8,107.1,108.6,108.6,2.4,2.2,2.2,0.262,2.15,25.4,0.016,0.093,0.055,11.8,11.8,0.484,0.543,0.227,0.23,100.91,99.67,83.06,99.67,0.097,4059,5.4,12.5,208,179,179,131,197,197,152,164,164,54,151,70,424,422,430,400,399,404,323,98,102,317,409,409,196,96,87,42,2020-21
1628372,Dennis Smith Jr.,Dennis,1610612765,DET,23.0,23,7,16,0.304,18.3,2.5,6.3,0.4,0.8,2.5,0.328,0.8,1.1,0.731,0.5,1.9,2.4,3.3,1.1,1.0,0.6,0.5,1.6,1.3,6.7,-0.8,18.3,1,1,16.5,420,445,360,455,302,295,258,411,262,248,301,301,299,335,297,353,354,101,189,87,120,147,283,249,299,303,234,178,17,255,2,105.9,105.8,105.8,107.5,108.1,108.1,-1.7,-2.2,-2.2,0.276,2.96,29.6,0.029,0.099,0.065,10.0,10.0,0.466,0.492,0.191,0.195,98.16,97.94,81.62,97.94,0.093,857,2.5,6.3,343,343,343,148,177,177,288,299,299,45,52,36,272,388,358,292,296,436,440,194,200,501,506,506,223,295,258,20,2020-21
1627756,Denzel Valentine,Denzel,1610612741,CHI,27.0,62,26,36,0.419,16.7,2.5,6.7,0.373,1.3,3.9,0.331,0.3,0.3,0.941,0.4,2.8,3.2,1.7,0.7,0.5,0.1,0.2,1.1,0.5,6.5,0.7,14.0,0,0,13.9,116,201,45,368,337,298,241,463,171,158,293,476,501,27,372,244,277,224,347,324,424,374,394,455,309,170,327,245,29,310,1,108.1,107.7,107.7,106.9,106.7,106.7,1.1,1.0,1.0,0.144,2.5,18.4,0.022,0.168,0.094,7.4,7.4,0.469,0.479,0.19,0.196,99.79,100.05,83.38,100.05,0.085,2170,2.5,6.7,269,283,283,125,123,123,193,201,201,187,92,190,340,131,209,101,102,433,458,199,198,410,368,368,281,298,241,31,2020-21
202324,Derrick Favors,Derrick,1610612762,UTA,29.0,68,49,19,0.721,15.3,2.3,3.6,0.638,0.0,0.0,0.0,0.9,1.2,0.738,2.0,3.5,5.5,0.6,0.5,0.5,1.0,0.2,2.1,0.9,5.4,0.5,16.9,1,0,14.5,47,6,306,36,367,323,407,19,480,517,480,287,287,325,39,158,97,419,398,331,47,361,140,336,346,183,267,178,29,300,1,114.2,114.1,114.1,113.0,111.6,111.6,1.2,2.6,2.6,0.059,1.22,12.3,0.13,0.227,0.178,10.1,10.1,0.638,0.663,0.125,0.129,100.45,101.18,84.31,101.18,0.111,2182,2.3,3.6,75,91,91,431,352,352,191,154,154,471,375,381,16,45,21,303,301,30,28,467,469,359,285,285,130,323,407,52,2020-21
1627884,Derrick Jones Jr.,Derrick,1610612757,POR,24.0,58,32,26,0.552,22.7,2.5,5.2,0.484,0.7,2.3,0.316,1.0,1.6,0.648,1.3,2.2,3.5,0.8,0.6,0.6,0.9,0.3,2.2,1.2,6.8,-1.1,16.4,0,0,15.1,157,115,181,199,215,292,309,153,281,268,321,245,226,425,102,310,230,378,394,240,61,326,129,258,292,329,278,245,29,290,1,112.2,113.3,113.3,112.8,114.0,114.0,-0.6,-0.8,-0.8,0.049,1.47,11.1,0.055,0.094,0.074,7.6,7.6,0.554,0.576,0.122,0.125,100.5,99.5,82.92,99.5,0.058,2713,2.5,5.2,132,116,116,422,455,455,258,261,261,491,315,415,140,416,295,115,116,175,201,473,477,354,418,418,449,292,309,42,2020-21
201565,Derrick Rose,Derrick,1610612752,NYK,32.0,50,28,22,0.56,25.6,5.7,12.2,0.47,1.0,2.6,0.388,2.2,2.5,0.866,0.4,2.2,2.6,4.2,1.6,1.0,0.4,0.6,1.1,2.0,14.7,2.7,26.6,1,0,25.2,238,177,245,190,172,84,91,198,218,243,136,96,110,95,361,311,330,70,121,95,213,111,396,139,92,75,111,178,29,116,2,108.6,109.8,109.8,104.0,105.0,105.0,4.6,4.9,4.9,0.276,2.68,21.9,0.015,0.081,0.049,8.2,8.2,0.511,0.55,0.252,0.258,99.34,98.32,81.93,98.32,0.133,2622,5.7,12.2,246,210,210,60,89,89,104,99,99,44,75,115,433,472,470,158,159,314,292,55,57,438,495,495,53,84,91,41,2020-21
1628401,Derrick White,Derrick,1610612759,SAS,26.0,36,18,18,0.5,29.5,5.2,12.6,0.411,2.3,6.8,0.346,2.7,3.2,0.851,0.4,2.6,3.0,3.5,1.3,0.7,1.0,0.8,2.5,3.2,15.4,2.6,28.1,0,0,27.6,346,312,329,251,106,106,82,382,54,31,247,65,78,117,390,266,301,89,161,186,47,63,68,57,84,76,98,245,29,97,1,112.9,113.9,113.9,108.1,108.8,108.8,4.9,5.1,5.1,0.168,2.82,18.9,0.012,0.086,0.049,6.7,6.7,0.503,0.55,0.223,0.226,100.04,99.29,82.74,99.29,0.09,2192,5.2,12.6,107,96,96,169,210,210,97,91,91,144,61,174,473,448,464,79,80,340,294,105,113,388,438,438,245,106,82,33,2020-21
1630217,Desmond Bane,Desmond,1610612763,MEM,23.0,68,36,32,0.529,22.3,3.4,7.3,0.469,1.7,4.0,0.432,0.6,0.7,0.816,0.5,2.6,3.1,1.7,0.9,0.6,0.2,0.5,1.8,0.6,9.2,0.2,17.1,0,0,17.4,47,82,88,225,221,204,213,200,120,154,34,375,390,185,336,261,290,218,277,258,317,151,211,406,207,215,260,245,29,236,1,109.3,110.1,110.1,110.2,109.7,109.7,-0.9,0.4,0.4,0.105,2.0,17.1,0.019,0.116,0.066,8.5,8.5,0.586,0.6,0.155,0.161,101.89,101.71,84.76,101.71,0.08,3218,3.4,7.3,220,202,202,296,260,260,269,223,223,275,185,228,379,312,349,175,174,95,127,355,353,231,246,246,315,204,213,38,2020-21
1626164,Devin Booker,Devin,1610612756,PHX,24.0,67,48,19,0.716,33.9,9.3,19.2,0.484,1.9,5.5,0.34,5.1,5.9,0.867,0.5,3.7,4.2,4.3,3.1,0.8,0.2,0.7,2.7,5.2,25.6,4.9,37.1,1,0,38.0,58,9,306,42,29,12,10,151,97,70,263,18,23,91,302,144,178,66,22,160,316,83,41,17,14,24,43,178,29,33,1,117.8,118.6,118.6,110.4,111.4,111.4,7.4,7.2,7.2,0.2,1.4,14.9,0.016,0.108,0.064,10.6,10.6,0.533,0.587,0.319,0.326,99.34,98.5,82.09,98.5,0.125,4656,9.3,19.2,12,13,13,308,342,342,54,54,54,110,332,298,418,344,362,337,337,244,168,9,8,440,485,485,71,12,10,51,2020-21
1629962,Devin Cannady,Devin,1610612753,ORL,25.0,8,0,8,0.0,9.3,1.4,3.5,0.393,0.8,2.0,0.375,0.8,0.9,0.857,0.0,0.6,0.6,0.1,0.3,0.6,0.1,0.0,1.1,0.5,4.3,-2.9,7.2,0,0,7.3,495,531,454,531,450,420,409,428,277,306,167,323,353,104,518,505,516,521,491,243,418,503,395,446,401,443,447,245,29,441,1,100.7,100.6,100.6,114.8,114.4,114.4,-14.1,-13.7,-13.7,0.023,0.5,2.9,0.0,0.065,0.03,5.9,5.9,0.5,0.547,0.181,0.19,102.73,102.97,85.81,102.97,0.061,159,1.4,3.5,458,452,452,489,467,467,497,491,491,524,502,525,518,513,531,50,51,350,307,236,223,165,150,150,436,420,409,21,2020-21
1630170,Devin Vassell,Devin,1610612759,SAS,20.0,62,30,32,0.484,17.0,2.0,4.9,0.406,0.8,2.4,0.347,0.7,0.8,0.843,0.4,2.4,2.8,0.9,0.4,0.7,0.3,0.1,1.4,0.7,5.5,-1.0,12.8,0,0,12.0,116,143,88,279,330,355,321,395,258,256,244,344,367,136,372,288,315,360,451,208,269,464,339,396,344,324,344,245,29,355,1,106.7,106.5,106.5,109.5,108.9,108.9,-2.8,-2.4,-2.4,0.071,2.55,14.0,0.021,0.138,0.079,5.5,5.5,0.492,0.524,0.138,0.143,102.0,102.37,85.31,102.37,0.071,2247,2.0,4.9,311,325,325,254,220,220,315,303,303,416,90,324,352,235,277,41,41,381,377,423,423,224,195,195,381,355,321,33,2020-21
1629653,Devon Dotson,Devon,1610612741,CHI,21.0,11,4,7,0.364,4.6,1.0,1.9,0.524,0.1,0.6,0.143,0.0,0.0,0.0,0.2,0.3,0.5,0.6,0.0,0.4,0.0,0.2,0.3,0.2,2.1,2.9,4.7,0,0,4.0,479,474,466,419,512,460,483,83,445,430,468,521,523,521,479,530,527,421,530,387,495,415,522,515,484,61,493,245,29,501,1,108.4,105.3,105.3,84.9,83.7,83.7,23.5,21.7,21.7,0.2,0.0,25.0,0.039,0.061,0.05,0.0,0.0,0.548,0.548,0.16,0.175,101.42,103.72,86.43,103.72,0.166,113,1.0,1.9,254,357,357,4,6,6,5,6,6,106,524,73,211,524,459,1,1,193,303,338,275,269,111,111,15,460,483,31,2020-21
1629719,Devontae Cacok,Devontae,1610612747,LAL,24.0,20,8,12,0.4,4.9,0.9,1.5,0.586,0.0,0.0,0.0,0.3,0.6,0.455,0.6,1.0,1.6,0.1,0.3,0.3,0.2,0.2,0.4,0.7,2.0,2.1,5.0,0,0,4.5,435,434,405,382,508,474,505,46,480,522,480,479,443,506,267,456,431,529,491,443,342,396,511,405,493,99,483,245,29,490,1,115.4,116.7,116.7,101.1,98.6,98.6,14.3,18.1,18.1,0.013,0.2,2.5,0.117,0.183,0.151,12.5,12.6,0.586,0.576,0.154,0.157,104.73,105.46,87.88,105.46,0.114,216,0.9,1.5,54,40,40,36,26,26,11,7,7,530,519,528,29,96,53,435,440,94,198,367,368,59,49,49,116,474,505,42,2020-21
1628984,Devonte' Graham,Devonte',1610612766,CHA,26.0,55,23,32,0.418,30.2,4.6,12.2,0.377,3.3,8.7,0.375,2.4,2.9,0.842,0.4,2.3,2.7,5.4,1.5,0.9,0.1,0.4,1.4,2.4,14.8,1.8,27.5,3,0,28.1,189,234,88,371,96,136,92,453,11,9,166,80,94,138,361,299,320,41,124,131,431,210,346,98,91,113,101,115,29,91,1,108.9,109.2,109.2,108.0,107.1,107.1,0.9,2.1,2.1,0.272,3.51,26.4,0.013,0.075,0.043,7.5,7.5,0.51,0.552,0.211,0.216,99.04,99.34,82.78,99.34,0.103,3444,4.6,12.2,233,242,242,163,139,139,200,167,167,46,25,57,462,490,506,109,110,315,281,134,141,459,435,435,159,136,92,33,2020-21
203473,Dewayne Dedmon,Dewayne,1610612748,MIA,31.0,16,11,5,0.688,13.2,2.9,4.1,0.708,0.1,0.3,0.2,1.3,1.7,0.741,1.8,3.6,5.4,0.8,0.8,0.6,0.4,0.2,2.3,1.4,7.1,4.3,16.6,1,0,15.1,456,398,481,68,396,257,370,8,459,467,443,207,212,319,56,149,106,399,295,286,217,412,108,231,280,36,274,178,29,285,1,122.8,121.3,121.3,106.5,104.2,104.2,16.4,17.1,17.1,0.083,0.92,11.9,0.137,0.282,0.21,12.9,12.8,0.715,0.735,0.183,0.191,96.47,98.18,81.82,98.18,0.149,428,2.9,4.1,3,5,5,116,67,67,8,8,8,356,454,393,9,14,9,449,448,8,6,224,222,531,499,499,35,257,370,40,2020-21
1629712,Didi Louzada,Didi,1610612740,NOP,21.0,3,0,3,0.0,18.8,1.0,4.3,0.231,0.7,2.7,0.25,0.0,0.0,0.0,0.3,0.7,1.0,1.0,1.0,0.7,0.0,0.3,1.7,0.0,2.7,-3.7,6.4,0,0,6.7,527,531,502,531,295,460,353,525,301,234,410,521,523,521,398,498,483,341,227,218,495,267,262,527,459,474,457,245,29,451,1,99.3,102.5,102.5,111.6,109.8,109.8,-12.3,-7.3,-7.3,0.073,1.0,15.8,0.015,0.032,0.023,15.8,15.8,0.308,0.308,0.114,0.116,103.91,103.09,85.91,103.09,-0.012,120,1.0,4.3,473,425,425,368,265,265,481,430,430,406,424,270,436,533,534,501,502,519,524,499,505,95,145,145,528,460,353,31,2020-21
1628415,Dillon Brooks,Dillon,1610612763,MEM,25.0,67,36,31,0.537,29.8,6.4,15.4,0.419,1.9,5.6,0.344,2.4,2.9,0.815,0.8,2.1,2.9,2.3,1.8,1.2,0.4,0.6,3.5,2.5,17.2,2.3,27.1,0,0,27.5,58,82,105,213,101,65,48,359,94,69,249,85,93,190,202,321,306,150,89,49,204,121,5,96,64,90,106,245,29,98,1,112.6,113.9,113.9,108.0,109.4,109.4,4.6,4.5,4.5,0.112,1.32,11.3,0.026,0.069,0.047,8.6,8.5,0.481,0.515,0.256,0.261,103.43,102.16,85.13,102.16,0.066,4233,6.4,15.4,125,95,95,164,248,248,102,106,106,255,357,408,311,505,483,176,176,408,401,49,51,120,211,211,410,65,48,38,2020-21
1627734,Domantas Sabonis,Domantas,1610612754,IND,25.0,62,29,33,0.468,36.0,7.8,14.6,0.535,0.8,2.6,0.321,3.9,5.3,0.732,2.4,9.5,12.0,6.7,3.4,1.2,0.5,0.9,3.3,4.8,20.3,-1.5,46.6,48,9,43.3,116,158,72,302,6,32,56,75,258,240,315,33,30,333,26,5,5,17,11,35,145,51,10,23,41,351,10,5,5,17,1,108.2,109.6,109.6,109.9,111.5,111.5,-1.7,-1.9,-1.9,0.283,1.95,24.9,0.066,0.259,0.162,12.8,12.7,0.564,0.601,0.239,0.243,103.45,102.1,85.08,102.1,0.154,4746,7.8,14.6,260,223,223,280,347,347,289,291,291,40,208,76,104,21,35,447,447,142,125,69,73,117,215,215,27,32,56,34,2020-21
1628378,Donovan Mitchell,Donovan,1610612762,UTA,24.0,53,39,14,0.736,33.4,9.0,20.6,0.438,3.4,8.7,0.386,5.0,6.0,0.845,0.9,3.5,4.4,5.2,2.8,1.0,0.3,0.9,2.2,4.7,26.4,5.4,40.6,2,0,42.0,208,56,379,25,39,17,4,289,8,7,143,19,20,132,160,161,163,44,32,93,275,47,122,26,12,19,27,146,29,21,1,116.2,117.1,117.1,108.0,109.2,109.2,8.2,7.9,7.9,0.266,1.88,16.8,0.028,0.095,0.063,8.9,8.9,0.52,0.569,0.327,0.334,100.96,99.99,83.32,99.99,0.138,3688,9.0,20.6,43,31,31,161,237,237,40,44,44,52,222,234,289,409,375,206,204,288,223,6,6,315,377,377,48,17,4,52,2020-21
1629743,Donta Hall,Donta,1610612753,ORL,23.0,13,3,10,0.231,13.8,1.9,2.7,0.714,0.0,0.0,0.0,1.8,2.6,0.676,1.8,2.9,4.8,0.8,0.6,0.4,0.8,0.2,1.4,1.9,5.6,-1.5,15.5,1,0,13.5,467,482,431,495,386,360,449,7,480,522,480,134,106,402,51,219,138,373,373,378,86,439,348,146,336,348,295,178,29,319,1,102.9,97.9,97.9,103.5,104.5,104.5,-0.6,-6.5,-6.5,0.102,1.38,15.9,0.126,0.193,0.16,11.6,11.6,0.714,0.731,0.135,0.143,101.08,103.1,85.91,103.1,0.145,388,1.9,2.7,417,484,484,54,73,73,255,409,409,282,338,260,19,80,39,387,388,9,7,437,422,305,144,144,38,360,449,21,2020-21
1628978,Donte DiVincenzo,Donte,1610612749,MIL,24.0,66,44,22,0.667,27.5,3.8,9.1,0.42,2.0,5.2,0.379,0.8,1.1,0.718,1.2,4.5,5.8,3.1,1.4,1.1,0.2,0.5,1.7,1.3,10.4,4.6,24.5,5,0,23.9,70,25,245,79,138,173,153,357,79,87,160,317,306,355,115,77,87,109,141,64,327,178,251,250,175,28,134,90,29,134,1,116.6,117.3,117.3,109.4,109.1,109.1,7.1,8.1,8.1,0.137,2.23,21.9,0.043,0.155,0.1,9.8,9.8,0.528,0.542,0.163,0.166,104.94,104.77,87.31,104.77,0.087,3953,3.8,9.1,38,27,27,247,231,231,60,41,41,200,135,114,191,176,181,279,280,256,324,317,329,50,70,70,268,173,153,46,2020-21
1627827,Dorian Finney-Smith,Dorian,1610612742,DAL,28.0,60,36,24,0.6,32.0,3.7,7.8,0.472,2.0,5.0,0.394,0.5,0.7,0.756,1.6,3.8,5.4,1.7,0.8,0.9,0.4,0.4,2.3,0.9,9.8,3.3,22.0,1,0,21.5,140,82,216,143,64,184,195,191,80,97,118,394,399,295,67,136,103,223,300,132,192,235,101,334,187,54,174,178,29,167,1,116.4,117.2,117.2,110.9,112.1,112.1,5.5,5.1,5.1,0.07,2.13,16.1,0.052,0.116,0.084,7.6,7.6,0.6,0.609,0.12,0.123,99.22,98.37,81.98,98.37,0.074,3935,3.7,7.8,40,29,29,339,383,383,83,92,92,423,158,258,154,313,246,113,118,68,102,479,483,449,491,491,361,184,195,42,2020-21
203926,Doug McDermott,Doug,1610612754,IND,29.0,66,32,34,0.485,24.5,5.4,10.1,0.532,1.7,4.3,0.388,1.2,1.5,0.816,0.9,2.4,3.3,1.3,0.8,0.3,0.1,0.7,1.8,1.1,13.6,-0.7,20.0,0,0,20.7,70,115,61,277,184,102,125,79,123,136,134,215,236,185,171,284,259,285,298,416,445,75,232,279,109,295,207,245,29,181,1,109.5,110.5,110.5,111.6,112.3,112.3,-2.1,-1.8,-1.8,0.075,1.6,10.1,0.036,0.096,0.066,6.3,6.3,0.616,0.635,0.194,0.199,104.5,103.7,86.42,103.7,0.096,3505,5.4,10.1,214,194,194,367,390,390,296,285,285,396,287,445,229,402,354,66,67,49,60,177,183,71,112,112,202,102,125,34,2020-21
203110,Draymond Green,Draymond,1610612744,GSW,31.0,63,35,28,0.556,31.5,2.7,6.0,0.447,0.5,2.0,0.27,1.1,1.4,0.795,0.9,6.2,7.1,8.9,3.0,1.7,0.8,0.2,3.1,1.9,7.0,3.8,33.4,17,6,28.5,99,94,143,193,73,275,273,256,333,306,393,232,252,231,174,29,45,5,28,6,77,359,18,149,282,47,62,24,7,85,1,113.7,114.8,114.8,108.5,109.3,109.3,5.2,5.4,5.4,0.345,2.97,48.0,0.028,0.184,0.11,16.2,16.1,0.492,0.53,0.128,0.13,105.13,104.21,86.84,104.21,0.107,4305,2.7,6.0,87,69,69,194,245,245,91,87,87,12,51,2,281,95,135,508,509,379,364,456,466,45,90,90,146,275,273,39,2020-21
1629234,Drew Eubanks,Drew,1610612759,SAS,24.0,54,21,33,0.389,14.0,2.1,3.8,0.566,0.0,0.0,1.0,1.4,2.0,0.726,1.4,3.1,4.5,0.8,0.8,0.3,0.9,0.4,1.6,1.8,5.8,-1.8,15.2,3,0,13.5,196,264,72,397,383,340,387,52,467,516,1,184,175,344,95,196,160,389,289,396,66,257,274,161,330,375,300,115,29,320,1,103.7,103.6,103.6,109.2,108.2,108.2,-5.5,-4.6,-4.6,0.086,0.93,12.4,0.09,0.207,0.148,13.2,13.3,0.571,0.618,0.166,0.17,101.79,102.29,85.24,102.29,0.115,1599,2.1,3.8,394,398,398,236,187,187,384,365,365,350,450,380,62,60,57,459,463,123,83,300,312,240,202,202,100,340,387,33,2020-21
1629130,Duncan Robinson,Duncan,1610612748,MIA,27.0,72,40,32,0.556,31.4,4.4,10.0,0.439,3.5,8.5,0.408,0.9,1.0,0.827,0.1,3.4,3.5,1.8,1.1,0.6,0.3,0.3,2.5,1.4,13.1,1.6,21.4,1,0,23.5,1,48,88,193,75,144,129,281,5,10,74,289,308,161,509,166,238,214,191,264,278,338,70,238,119,122,184,178,29,139,1,110.0,110.6,110.6,107.1,108.3,108.3,2.9,2.3,2.3,0.082,1.57,13.4,0.003,0.109,0.057,8.5,8.5,0.614,0.628,0.162,0.167,98.34,97.55,81.29,97.55,0.075,4602,4.4,10.0,195,185,185,130,190,190,141,161,161,362,294,345,517,341,408,173,173,52,67,324,325,491,521,521,352,144,129,40,2020-21
1628407,Dwayne Bacon,Dwayne,1610612753,ORL,25.0,72,21,51,0.292,25.7,4.1,10.1,0.402,0.8,2.9,0.285,2.0,2.4,0.824,0.4,2.7,3.1,1.3,0.6,0.6,0.1,0.5,1.4,1.8,10.9,-6.2,18.1,0,0,17.6,1,264,3,467,168,160,123,406,264,219,377,109,116,164,344,255,284,284,364,243,463,137,333,161,166,522,241,245,29,232,1,101.2,101.3,101.3,112.3,112.8,112.8,-11.1,-11.4,-11.4,0.08,2.02,9.9,0.015,0.102,0.056,4.9,4.9,0.443,0.49,0.193,0.198,100.67,100.39,83.66,100.39,0.069,3875,4.1,10.1,449,439,439,397,407,407,473,478,478,378,182,454,440,375,422,27,25,458,442,184,190,340,346,346,393,160,123,21,2020-21
2730,Dwight Howard,Dwight,1610612755,PHI,35.0,69,46,23,0.667,17.3,2.6,4.4,0.587,0.1,0.3,0.25,1.8,3.0,0.576,2.8,5.7,8.4,0.9,1.6,0.4,0.9,0.4,2.9,2.8,7.0,-1.0,20.8,12,0,19.0,32,14,233,79,319,286,346,44,452,470,410,138,85,469,14,40,23,363,109,350,67,251,25,75,287,317,194,44,29,211,1,104.2,103.9,103.9,106.1,106.3,106.3,-1.9,-2.4,-2.4,0.076,0.54,10.7,0.148,0.309,0.228,19.7,19.7,0.596,0.61,0.173,0.18,101.13,101.16,84.3,101.16,0.13,2517,2.6,4.4,389,390,390,104,113,113,292,304,304,393,499,424,4,5,4,525,525,77,101,270,266,301,288,288,61,286,346,49,2020-21
203939,Dwight Powell,Dwight,1610612742,DAL,29.0,58,36,22,0.621,16.6,2.1,3.3,0.619,0.1,0.4,0.238,1.7,2.1,0.782,1.4,2.7,4.0,1.1,0.7,0.6,0.5,0.3,2.3,2.3,5.9,1.3,15.1,1,0,13.4,157,82,245,129,339,344,419,30,447,462,428,151,148,250,94,256,189,324,343,247,147,326,94,108,329,135,304,178,29,323,1,113.5,112.8,112.8,108.8,108.8,108.8,4.6,4.0,4.0,0.09,1.58,17.8,0.086,0.158,0.123,11.3,11.4,0.631,0.688,0.129,0.133,99.54,99.87,83.22,99.87,0.099,2007,2.1,3.3,97,129,129,214,211,211,101,117,117,329,291,207,66,161,97,371,373,37,16,452,458,426,390,390,174,344,419,42,2020-21
1629685,Dylan Windler,Dylan,1610612739,CLE,24.0,31,11,20,0.355,16.5,1.8,4.2,0.438,0.8,2.5,0.338,0.7,0.9,0.778,0.6,2.8,3.5,1.1,1.0,0.6,0.4,0.2,1.2,0.7,5.2,-2.0,12.9,1,0,12.5,378,398,284,424,340,374,365,287,258,254,269,348,357,254,247,240,244,329,221,255,206,374,377,380,362,395,343,178,29,343,1,105.4,104.6,104.6,111.7,111.1,111.1,-6.3,-6.5,-6.5,0.089,1.03,15.9,0.039,0.171,0.104,15.5,15.5,0.538,0.567,0.14,0.146,101.21,101.87,84.89,101.87,0.082,1092,1.8,4.2,363,377,377,371,331,331,402,407,407,334,417,260,215,127,163,499,500,222,228,416,412,294,235,235,304,374,365,22,2020-21
202734,E'Twaun Moore,E'Twaun,1610612756,PHX,32.0,27,20,7,0.741,14.4,2.0,4.5,0.455,0.4,1.3,0.314,0.4,0.5,0.857,0.5,1.1,1.7,1.5,0.9,0.6,0.2,0.4,1.2,0.6,4.9,0.3,10.5,0,0,10.0,400,279,466,23,378,348,342,232,368,377,328,420,449,104,298,446,424,256,280,290,361,216,380,436,375,206,383,245,29,387,1,107.5,108.4,108.4,108.0,107.9,107.9,-0.5,0.5,0.5,0.14,1.74,20.9,0.035,0.08,0.057,12.0,12.1,0.5,0.523,0.164,0.167,101.68,101.31,84.43,101.31,0.064,822,2.0,4.5,282,261,261,165,169,169,251,221,221,195,255,135,239,477,410,410,413,350,381,309,323,252,270,270,421,348,342,51,2020-21
202334,Ed Davis,Ed,1610612750,MIN,32.0,23,5,18,0.217,13.0,0.8,1.9,0.432,0.0,0.0,0.0,0.4,0.5,0.833,2.0,3.0,5.0,0.9,0.3,0.6,0.6,0.3,2.4,0.5,2.1,-2.0,12.5,0,0,10.3,420,465,329,503,399,478,482,315,480,522,480,427,448,145,41,204,120,358,470,283,131,258,77,443,485,398,347,245,29,383,1,101.4,101.4,101.4,108.2,109.0,109.0,-6.8,-7.6,-7.6,0.1,3.0,26.9,0.127,0.235,0.176,9.0,9.1,0.432,0.487,0.078,0.079,101.64,101.24,84.37,101.24,0.079,631,0.8,1.9,445,437,437,175,224,224,413,431,431,287,43,50,17,36,23,211,225,467,452,537,537,256,280,280,321,478,482,23,2020-21
1628410,Edmond Sumner,Edmond,1610612754,IND,25.0,53,23,30,0.434,16.2,2.8,5.3,0.525,0.7,1.7,0.398,1.3,1.6,0.819,0.3,1.4,1.8,0.9,1.0,0.6,0.2,0.3,1.7,1.2,7.5,-0.6,12.5,0,0,12.5,208,234,115,343,346,270,305,82,305,345,106,202,227,171,396,409,415,356,246,246,359,297,266,270,262,286,349,245,29,344,1,111.8,111.8,111.8,112.3,112.2,112.2,-0.5,-0.4,-0.4,0.075,0.96,11.8,0.02,0.083,0.052,12.2,12.2,0.587,0.626,0.176,0.18,105.87,105.9,88.25,105.9,0.072,1889,2.8,5.3,138,152,152,398,387,387,252,252,252,398,447,397,363,462,448,426,420,92,68,259,263,37,43,43,376,270,305,34,2020-21
203901,Elfrid Payton,Elfrid,1610612752,NYK,27.0,63,36,27,0.571,23.6,4.3,9.9,0.432,0.4,1.6,0.286,1.2,1.7,0.682,1.0,2.4,3.4,3.2,1.6,0.7,0.1,1.2,1.8,1.7,10.1,-1.6,20.1,0,0,19.0,99,82,163,176,202,150,134,312,357,353,369,220,210,397,142,289,249,105,106,177,402,5,210,174,181,362,201,245,29,210,1,106.3,107.8,107.8,109.2,110.8,110.8,-2.9,-3.0,-3.0,0.209,1.97,20.9,0.041,0.098,0.069,10.6,10.6,0.455,0.478,0.224,0.228,98.7,97.3,81.08,97.3,0.079,3006,4.3,9.9,322,278,278,238,316,316,321,320,320,95,201,136,201,397,323,336,336,446,459,104,106,478,529,529,324,150,134,41,2020-21
1629091,Elijah Bryant,Elijah,1610612749,MIL,26.0,1,0,1,0.0,31.6,6.0,13.0,0.462,1.0,5.0,0.2,3.0,3.0,1.0,2.0,4.0,6.0,3.0,4.0,0.0,1.0,0.0,4.0,3.0,16.0,11.0,26.7,0,0,28.0,537,531,527,531,70,72,72,218,218,100,443,56,88,1,41,117,75,116,6,511,47,503,1,69,76,2,110,245,29,93,1,118.6,119.7,119.7,106.7,105.7,105.7,11.9,14.0,14.0,0.13,0.75,14.3,0.065,0.133,0.098,19.0,18.8,0.5,0.559,0.231,0.239,107.22,107.19,89.33,107.19,0.072,71,6.0,13.0,8,8,8,120,103,103,20,14,14,219,477,312,108,249,191,522,522,350,257,83,81,21,28,28,371,72,72,46,2020-21
1630190,Elijah Hughes,Elijah,1610612762,UTA,23.0,18,14,4,0.778,3.5,0.6,1.7,0.333,0.4,1.3,0.348,0.2,0.2,0.75,0.1,0.4,0.5,0.3,0.3,0.1,0.1,0.1,0.1,0.2,1.7,-2.1,2.8,0,0,3.2,443,357,492,15,527,503,496,494,357,379,238,498,511,297,515,519,524,487,456,506,472,489,533,508,500,400,522,245,29,513,1,98.4,91.5,91.5,123.1,120.3,120.3,-24.7,-28.8,-28.8,0.158,1.0,13.6,0.014,0.119,0.066,13.6,13.7,0.467,0.488,0.242,0.26,100.21,105.09,87.58,105.09,0.071,141,0.6,1.7,480,512,512,532,530,530,522,529,529,156,424,337,449,292,356,474,475,435,448,68,52,374,57,57,384,503,496,52,2020-21
202683,Enes Freedom,Enes,1610612757,POR,29.0,72,42,30,0.583,24.4,4.7,7.8,0.604,0.0,0.1,0.25,1.8,2.3,0.774,3.9,7.1,11.0,1.2,1.1,0.5,0.7,0.9,2.3,2.0,11.2,2.2,28.5,34,0,25.7,1,36,115,162,186,130,193,40,478,509,410,136,132,268,3,17,8,313,200,339,104,41,92,134,159,96,95,10,29,111,1,117.4,119.7,119.7,114.4,114.8,114.8,3.0,4.9,4.9,0.069,1.08,10.6,0.148,0.281,0.213,9.8,9.8,0.605,0.636,0.169,0.172,99.9,98.79,82.32,98.79,0.141,3607,4.7,7.8,18,9,9,470,478,478,139,98,98,425,405,429,3,15,7,281,283,64,55,281,293,400,475,475,42,130,193,42,2020-21
202339,Eric Bledsoe,Eric,1610612740,NOP,31.0,71,31,40,0.437,29.7,4.3,10.3,0.421,1.7,5.0,0.341,1.9,2.7,0.687,0.4,3.0,3.4,3.8,1.6,0.8,0.3,0.4,1.6,2.7,12.2,-0.9,23.8,4,0,23.4,12,130,27,337,102,147,115,349,121,100,260,120,102,393,355,203,245,78,115,167,237,246,295,86,139,313,150,105,29,144,1,112.3,113.0,113.0,113.8,114.8,114.8,-1.5,-1.8,-1.8,0.17,2.35,22.4,0.013,0.1,0.057,9.5,9.5,0.503,0.533,0.181,0.185,102.46,101.67,84.73,101.67,0.077,4479,4.3,10.3,129,120,120,454,480,480,285,284,284,141,114,107,454,382,417,256,257,339,359,237,243,185,248,248,336,147,115,31,2020-21
201569,Eric Gordon,Eric,1610612745,HOU,32.0,27,10,17,0.37,29.2,5.9,13.6,0.433,2.6,7.8,0.329,3.5,4.2,0.825,0.3,1.9,2.1,2.6,1.9,0.5,0.5,0.7,1.6,3.1,17.8,-2.5,25.4,0,0,27.1,400,411,346,415,114,76,62,308,35,17,298,37,40,163,424,356,380,133,79,304,164,79,274,66,58,428,126,245,29,101,1,104.9,106.8,106.8,108.8,110.1,110.1,-3.9,-3.3,-3.3,0.147,1.39,13.3,0.009,0.062,0.035,9.6,9.5,0.527,0.577,0.246,0.251,104.41,102.85,85.71,102.85,0.097,1684,5.9,13.6,371,311,311,211,273,273,338,328,328,182,334,350,501,522,529,257,252,259,196,62,64,77,166,166,192,76,62,17,2020-21
1629672,Eric Paschall,Eric,1610612744,GSW,24.0,40,20,20,0.5,17.4,3.7,7.5,0.497,0.5,1.4,0.333,1.7,2.4,0.713,0.7,2.5,3.2,1.3,1.1,0.3,0.2,0.6,1.7,2.0,9.5,-2.8,15.6,0,0,15.4,320,279,284,251,318,182,209,135,356,371,281,150,126,365,228,275,272,288,205,417,376,105,249,140,196,441,291,245,29,280,1,103.7,103.7,103.7,109.9,110.5,110.5,-6.2,-6.8,-6.8,0.125,1.19,11.9,0.038,0.138,0.088,10.0,9.9,0.527,0.561,0.234,0.241,103.07,102.8,85.67,102.8,0.098,1483,3.7,7.5,393,396,396,276,296,296,399,417,417,229,382,394,217,236,228,292,289,261,251,79,76,144,170,170,181,182,209,39,2020-21
101141,Ersan Ilyasova,Ersan,1610612762,UTA,34.0,17,14,3,0.824,8.7,1.2,3.2,0.389,1.1,2.4,0.439,0.3,0.3,1.0,0.4,1.3,1.7,0.2,0.5,0.6,0.2,0.2,1.7,0.5,3.8,0.9,8.0,0,0,8.4,452,357,502,10,460,430,429,433,208,257,29,469,496,1,352,428,421,501,417,269,371,361,244,439,422,158,433,245,29,422,1,108.6,109.7,109.7,105.9,103.0,103.0,2.7,6.7,6.7,0.04,0.5,5.9,0.047,0.143,0.095,11.8,11.7,0.556,0.578,0.19,0.194,97.52,98.42,82.01,98.42,0.062,300,1.2,3.2,245,219,219,99,58,58,145,64,64,507,502,515,172,221,198,396,394,167,190,200,202,518,488,488,431,430,429,52,2020-21
203095,Evan Fournier,Evan,1610612738,BOS,28.0,42,18,24,0.429,30.0,5.9,12.9,0.457,2.8,6.7,0.413,2.6,3.3,0.788,0.2,2.8,3.0,3.4,1.7,1.1,0.5,0.7,2.3,2.5,17.1,-0.8,28.9,0,0,29.5,303,312,216,352,100,77,76,228,29,32,57,72,70,240,450,238,294,94,96,59,177,88,104,93,65,305,92,245,29,80,2,110.7,111.6,111.6,112.7,113.0,113.0,-2.0,-1.4,-1.4,0.17,1.97,17.8,0.007,0.094,0.049,9.0,8.9,0.565,0.598,0.222,0.229,102.36,101.83,84.86,101.83,0.098,2672,5.9,12.9,169,157,157,417,420,420,295,275,275,140,200,209,511,418,467,220,207,139,137,106,105,193,238,238,183,77,76,36,2020-21
1630267,Facundo Campazzo,Facundo,1610612743,DEN,30.0,65,43,22,0.662,21.9,1.8,4.8,0.381,1.2,3.3,0.352,1.2,1.4,0.879,0.3,1.7,2.1,3.6,1.1,1.2,0.2,0.1,2.0,2.0,6.1,1.2,17.1,1,0,15.8,81,33,245,92,227,371,322,447,190,192,222,214,250,75,397,377,385,87,193,39,334,459,163,137,325,139,261,178,29,273,1,111.1,111.6,111.6,108.8,108.8,108.8,2.3,2.8,2.8,0.215,3.18,35.3,0.015,0.081,0.047,11.1,11.1,0.502,0.558,0.128,0.131,99.32,99.09,82.57,99.09,0.074,2940,1.8,4.8,159,158,158,213,212,212,157,146,146,91,38,13,434,470,482,357,357,348,258,459,461,441,451,451,358,371,322,47,2020-21
1628402,Frank Jackson,Frank,1610612765,DET,23.0,40,13,27,0.325,18.5,3.4,7.3,0.457,1.5,3.8,0.407,1.5,1.9,0.813,0.4,1.8,2.2,0.9,0.9,0.4,0.0,0.4,1.3,1.7,9.8,-0.3,14.0,0,0,15.1,320,371,163,443,298,213,214,226,140,166,77,171,183,194,380,370,379,361,281,381,491,219,358,178,188,258,325,245,29,285,1,105.7,106.1,106.1,106.5,107.0,107.0,-0.8,-1.0,-1.0,0.079,1.06,9.2,0.021,0.092,0.057,8.7,8.6,0.561,0.598,0.207,0.214,100.15,99.74,83.12,99.74,0.093,1535,3.4,7.3,350,339,339,118,136,136,265,265,265,386,412,466,360,428,407,184,178,150,136,146,148,379,401,401,226,213,214,20,2020-21
1626163,Frank Kaminsky,Frank,1610612756,PHX,28.0,47,33,14,0.702,15.2,2.6,5.5,0.471,0.7,1.8,0.365,0.8,1.3,0.617,0.8,3.2,4.0,1.7,0.5,0.3,0.4,0.4,1.5,1.0,6.6,1.2,15.4,2,0,14.3,256,107,379,52,368,288,302,195,306,327,198,312,273,451,210,183,192,228,418,420,224,193,321,303,308,141,296,146,29,302,1,113.7,113.5,113.5,109.4,108.9,108.9,4.3,4.6,4.6,0.154,3.59,20.5,0.051,0.208,0.131,5.7,5.7,0.531,0.547,0.185,0.19,99.29,99.62,83.02,99.62,0.106,1478,2.6,5.5,88,111,111,245,216,216,111,104,104,169,23,139,155,59,78,46,46,248,309,215,224,444,414,414,151,288,302,51,2020-21
1628412,Frank Mason III,Frank,1610612753,ORL,27.0,4,1,3,0.25,19.8,2.3,6.0,0.375,0.5,1.3,0.4,1.3,1.8,0.714,0.8,2.3,3.0,3.0,1.3,0.0,0.0,1.3,1.8,1.0,6.3,-4.8,13.1,0,0,12.8,519,515,502,486,265,324,276,455,342,382,93,207,204,356,216,303,296,116,161,511,495,4,235,309,321,502,341,245,29,337,1,96.0,96.9,96.9,108.3,108.0,108.0,-12.2,-11.1,-11.1,0.218,2.4,27.3,0.033,0.103,0.068,11.4,11.3,0.417,0.462,0.17,0.175,98.1,97.78,81.48,97.78,0.059,161,2.3,6.0,503,494,494,177,175,175,479,475,475,88,108,45,246,370,338,372,369,484,477,279,278,503,512,512,443,324,276,21,2020-21
1628373,Frank Ntilikina,Frank,1610612752,NYK,22.0,33,23,10,0.697,9.8,0.9,2.4,0.367,0.7,1.5,0.479,0.2,0.5,0.444,0.2,0.8,0.9,0.6,0.3,0.5,0.1,0.1,1.4,0.5,2.7,-1.0,6.4,0,0,6.2,364,234,431,61,440,473,460,471,294,364,11,483,444,508,479,484,496,430,456,296,422,476,352,453,458,323,458,245,29,457,1,103.5,99.7,99.7,102.8,103.3,103.3,0.7,-3.6,-3.6,0.095,1.73,16.2,0.019,0.077,0.048,9.4,9.4,0.513,0.512,0.134,0.14,97.86,99.43,82.86,99.43,0.036,662,0.9,2.4,404,464,464,50,62,62,209,335,335,312,256,252,387,485,479,250,251,311,407,439,435,510,428,428,505,473,460,41,2020-21
1627832,Fred VanVleet,Fred,1610612761,TOR,27.0,52,22,30,0.423,36.5,6.5,16.7,0.389,3.3,9.2,0.366,3.3,3.7,0.885,0.6,3.6,4.2,6.3,1.8,1.7,0.7,1.1,2.3,3.4,19.6,2.7,39.5,5,0,38.3,215,252,115,363,3,63,36,436,9,4,195,43,56,66,257,151,176,20,85,5,96,17,103,50,46,72,33,90,29,30,1,111.6,113.6,113.6,108.5,110.2,110.2,3.1,3.3,3.3,0.264,3.45,23.8,0.016,0.101,0.057,6.9,6.9,0.489,0.534,0.237,0.24,100.84,99.17,82.64,99.17,0.115,3927,6.5,16.7,146,103,103,196,282,282,138,126,126,53,27,87,427,377,415,88,89,386,353,75,78,323,447,447,107,63,36,27,2020-21
1630273,Freddie Gillespie,Freddie,1610612761,TOR,24.0,20,7,13,0.35,19.6,2.2,4.2,0.524,0.0,0.0,0.0,1.2,1.7,0.697,2.1,2.8,4.9,0.5,0.6,0.7,1.0,0.4,2.2,1.9,5.6,-3.9,16.4,0,0,14.2,435,445,391,427,270,333,363,83,480,522,480,223,218,382,35,250,129,464,378,232,47,219,133,157,339,484,279,245,29,304,1,101.2,101.3,101.3,111.7,110.9,110.9,-10.6,-9.6,-9.6,0.034,0.75,7.4,0.1,0.142,0.12,9.9,10.0,0.524,0.563,0.12,0.121,100.59,100.86,84.05,100.86,0.075,824,2.2,4.2,453,440,440,376,320,320,466,457,457,515,477,499,45,224,106,285,299,270,244,482,488,344,308,308,349,333,363,27,2020-21
1627788,Furkan Korkmaz,Furkan,1610612755,PHI,23.0,55,39,16,0.709,19.3,3.1,7.7,0.401,1.8,4.9,0.375,1.1,1.5,0.732,0.3,1.7,2.1,1.5,0.8,0.9,0.2,0.2,1.2,1.3,9.1,2.6,16.1,0,0,16.6,189,56,360,46,279,241,197,408,102,105,164,233,233,333,416,374,387,254,288,127,387,396,385,254,208,78,283,245,29,251,1,109.7,110.3,110.3,103.6,104.3,104.3,6.1,6.0,6.0,0.111,1.78,14.0,0.015,0.09,0.052,7.9,7.8,0.52,0.544,0.195,0.202,101.84,101.22,84.35,101.22,0.089,2243,3.1,7.7,201,198,198,55,71,71,74,79,79,256,246,321,431,436,452,137,133,286,318,175,174,232,282,282,255,241,197,49,2020-21
1629216,Gabe Vincent,Gabe,1610612748,MIA,25.0,50,27,23,0.54,13.1,1.8,4.7,0.378,0.9,3.0,0.309,0.4,0.5,0.87,0.2,0.9,1.1,1.3,0.7,0.4,0.0,0.3,1.6,1.0,4.8,-1.5,8.9,1,0,9.1,238,189,233,210,398,382,337,451,244,212,338,439,464,83,473,469,472,275,346,362,483,321,294,325,379,359,425,178,29,408,1,106.2,104.3,104.3,110.0,110.3,110.3,-3.8,-5.9,-5.9,0.161,1.97,19.6,0.016,0.068,0.043,9.9,9.9,0.476,0.498,0.184,0.194,97.0,97.74,81.45,97.74,0.049,1335,1.8,4.7,328,384,384,283,286,286,336,393,393,152,202,156,428,506,507,289,285,416,433,219,201,529,514,514,478,382,337,40,2020-21
1630466,Gabriel Deck,Gabriel,1610612760,OKC,26.0,10,1,9,0.1,21.2,3.2,6.7,0.478,0.2,1.5,0.133,1.8,2.2,0.818,1.6,2.4,4.0,2.4,0.6,0.8,0.0,0.2,0.9,1.6,8.4,-5.1,18.6,0,0,16.6,485,515,441,527,244,229,242,171,413,357,471,129,141,173,70,290,192,143,378,156,495,396,443,192,233,510,227,245,29,251,1,105.3,104.1,104.1,117.6,116.8,116.8,-12.3,-12.7,-12.7,0.16,4.0,22.4,0.067,0.118,0.09,5.6,5.6,0.493,0.548,0.159,0.165,102.33,103.21,86.01,103.21,0.1,458,3.2,6.7,365,386,386,518,516,516,483,484,484,155,14,106,102,303,223,43,43,377,302,343,336,196,135,135,172,229,242,22,2020-21
202066,Garrett Temple,Garrett,1610612741,CHI,35.0,56,25,31,0.446,27.3,2.8,6.8,0.415,1.2,3.6,0.335,0.7,0.9,0.8,0.5,2.3,2.9,2.2,1.0,0.8,0.5,0.2,2.3,1.0,7.6,0.9,17.2,0,0,16.4,180,213,105,329,143,266,236,371,183,176,277,338,346,212,299,293,310,162,216,173,144,384,108,304,260,160,259,245,29,257,1,110.3,110.8,110.8,108.9,109.3,109.3,1.3,1.5,1.5,0.104,2.14,21.3,0.019,0.082,0.052,10.0,9.9,0.503,0.525,0.126,0.129,102.58,102.2,85.17,102.2,0.051,3254,2.8,6.8,183,180,180,226,240,240,183,187,187,279,156,128,376,463,454,291,288,344,375,464,468,178,210,210,473,266,236,31,2020-21
1629726,Garrison Mathews,Garrison,1610612764,WAS,24.0,64,32,32,0.5,16.2,1.5,3.7,0.409,1.2,3.1,0.384,1.3,1.5,0.884,0.3,1.1,1.4,0.4,0.2,0.5,0.1,0.1,1.7,1.5,5.5,-2.1,9.3,0,0,9.6,89,115,88,251,347,408,395,385,187,207,147,198,237,68,445,451,460,476,519,341,430,453,269,205,342,404,409,245,29,397,1,108.0,107.7,107.7,112.5,113.4,113.4,-4.5,-5.6,-5.6,0.032,2.6,8.4,0.015,0.065,0.04,3.2,3.2,0.57,0.635,0.111,0.117,106.74,106.43,88.69,106.43,0.052,2299,1.5,3.7,271,281,281,405,430,430,356,388,388,518,84,481,439,512,514,15,15,127,59,506,501,26,35,35,472,408,395,34,2020-21
1629109,Gary Clark,Gary,1610612755,PHI,26.0,39,12,27,0.308,16.8,1.0,3.4,0.303,0.8,2.8,0.287,0.2,0.3,0.8,0.8,2.1,2.9,0.8,0.4,0.3,0.2,0.1,0.9,0.4,3.1,-2.8,8.9,0,0,8.6,326,388,163,451,335,457,416,509,266,226,368,491,506,212,183,324,303,385,430,396,369,456,446,461,446,440,426,245,29,419,3,103.3,104.1,104.1,112.5,111.7,111.7,-9.1,-7.7,-7.7,0.064,1.82,16.8,0.044,0.125,0.082,9.2,9.2,0.42,0.436,0.097,0.099,101.27,101.25,84.37,101.25,0.044,1377,1.0,3.4,409,387,387,406,364,364,454,432,432,452,232,233,186,280,257,238,238,482,493,524,527,288,278,278,493,457,416,49,2020-21
203914,Gary Harris,Gary,1610612753,ORL,26.0,39,15,24,0.385,27.7,3.5,8.8,0.4,1.2,3.6,0.34,1.6,2.0,0.821,0.5,1.5,2.0,2.0,0.9,0.7,0.3,0.6,1.8,1.6,9.9,-2.1,17.4,0,0,17.2,326,344,216,401,134,194,166,411,179,174,262,154,161,168,292,401,390,178,251,191,276,97,217,195,186,405,257,245,29,242,2,108.6,110.0,110.0,113.8,114.2,114.2,-5.1,-4.2,-4.2,0.102,2.11,15.8,0.019,0.054,0.036,7.5,7.5,0.47,0.511,0.164,0.167,99.65,98.87,82.39,98.87,0.053,2230,3.5,8.8,244,208,208,451,459,459,373,353,353,283,161,268,384,526,527,108,109,432,408,312,321,418,470,470,466,194,166,21,2020-21
1627780,Gary Payton II,Gary,1610612744,GSW,28.0,10,7,3,0.7,4.0,1.0,1.3,0.769,0.2,0.4,0.5,0.3,0.4,0.75,0.2,0.9,1.1,0.1,0.1,0.6,0.1,0.0,0.8,0.4,2.5,0.1,6.0,0,0,5.3,485,445,502,54,516,460,512,3,413,458,5,466,474,297,473,471,473,525,526,259,435,503,459,465,466,223,466,245,29,475,1,106.8,103.3,103.3,99.5,101.1,101.1,7.3,2.2,2.2,0.037,1.0,6.3,0.051,0.176,0.122,6.3,6.0,0.846,0.847,0.153,0.171,108.94,109.87,91.56,109.87,0.164,92,1.0,1.3,310,407,407,26,42,42,55,165,165,511,424,511,157,107,100,61,55,3,3,368,300,12,14,14,18,460,512,39,2020-21
1629018,Gary Trent Jr.,Gary,1610612761,TOR,22.0,58,29,29,0.5,31.1,5.5,13.5,0.408,2.8,7.4,0.385,1.4,1.8,0.783,0.5,2.2,2.6,1.4,0.7,1.0,0.2,0.4,1.6,1.5,15.3,-1.0,23.2,0,0,24.4,157,158,129,251,81,93,63,390,25,24,146,182,191,248,328,317,329,269,329,100,377,238,291,202,85,318,152,245,29,125,2,112.8,113.9,113.9,114.5,115.7,115.7,-1.7,-1.8,-1.8,0.067,1.86,8.4,0.014,0.069,0.04,4.5,4.5,0.513,0.534,0.204,0.208,100.81,99.82,83.19,99.82,0.071,3752,5.5,13.5,116,99,99,474,499,499,287,283,283,438,227,484,452,504,517,23,23,310,355,151,154,326,393,393,380,93,63,27,2020-21
201588,George Hill,George,1610612755,PHI,35.0,30,16,14,0.533,22.4,3.2,6.6,0.482,1.0,2.7,0.388,1.3,1.7,0.8,0.5,1.5,2.0,2.4,1.0,0.8,0.2,0.4,1.0,2.0,8.7,-0.3,16.6,0,0,16.1,385,331,379,219,219,235,247,159,215,234,137,190,214,212,294,398,389,142,218,175,382,219,415,143,224,257,276,245,29,267,2,109.6,109.7,109.7,108.9,110.2,110.2,0.7,-0.4,-0.4,0.156,2.35,22.8,0.023,0.063,0.044,9.7,9.6,0.561,0.596,0.161,0.167,99.05,98.38,81.98,98.38,0.088,1375,3.2,6.6,206,215,215,217,279,279,208,251,251,160,113,98,333,517,504,271,267,151,147,332,326,458,489,489,266,235,247,49,2020-21
1627777,Georges Niang,Georges,1610612762,UTA,28.0,72,52,20,0.722,16.0,2.5,5.6,0.437,1.7,4.1,0.425,0.3,0.3,0.957,0.4,2.1,2.4,0.8,0.7,0.3,0.1,0.1,1.6,0.3,6.9,4.9,11.8,1,0,12.8,1,1,284,34,354,303,295,293,118,150,42,464,488,23,370,334,344,377,338,393,426,454,281,482,288,26,366,178,29,332,1,115.4,114.9,114.9,100.5,100.3,100.3,14.9,14.6,14.6,0.071,1.16,11.2,0.024,0.117,0.072,9.7,9.7,0.59,0.602,0.169,0.174,101.43,101.74,84.79,101.74,0.076,2445,2.5,5.6,56,65,65,31,36,36,10,13,13,418,385,413,323,309,308,272,274,87,121,282,282,268,244,244,342,303,295,52,2020-21
203507,Giannis Antetokounmpo,Giannis,1610612749,MIL,26.0,61,40,21,0.656,33.0,10.3,18.0,0.569,1.1,3.6,0.303,6.5,9.5,0.685,1.6,9.4,11.0,5.9,3.4,1.2,1.2,0.9,2.8,7.7,28.1,6.7,53.9,41,7,50.9,124,48,268,99,47,4,20,50,202,173,348,6,2,395,71,6,9,30,14,45,26,44,35,1,5,10,3,8,6,2,1,115.9,117.1,117.1,107.6,107.3,107.3,8.3,9.8,9.8,0.282,1.72,18.7,0.048,0.264,0.16,10.8,10.8,0.6,0.633,0.32,0.325,104.57,104.17,86.81,104.17,0.196,4359,10.3,18.0,47,30,30,151,148,148,39,27,27,41,257,179,168,19,42,345,344,69,64,8,9,67,92,92,5,4,20,46,2020-21
203922,Glenn Robinson III,Glenn,1610612758,SAC,27.0,23,9,14,0.391,16.1,1.8,4.3,0.424,0.7,1.9,0.364,0.9,1.0,0.913,0.5,1.5,2.0,0.9,0.5,0.2,0.1,0.3,1.0,0.9,5.3,-5.7,9.3,0,0,9.4,420,427,379,396,352,375,358,336,295,317,200,276,311,40,322,402,402,367,413,478,415,258,419,354,357,518,405,245,29,402,1,106.0,105.2,105.2,120.8,122.5,122.5,-14.8,-17.3,-17.3,0.075,1.82,14.2,0.028,0.094,0.06,7.8,7.9,0.505,0.554,0.135,0.138,103.07,102.74,85.61,102.74,0.057,793,1.8,4.3,340,360,360,527,533,533,498,510,510,401,236,316,284,414,389,129,136,330,273,435,439,145,172,172,454,375,358,31,2020-21
1629048,Goga Bitadze,Goga,1610612754,IND,21.0,45,19,26,0.422,12.5,1.8,4.3,0.428,0.4,1.8,0.253,1.0,1.4,0.738,1.3,2.0,3.3,0.8,0.4,0.2,1.3,0.3,2.1,1.2,5.1,-0.4,14.6,0,0,12.8,279,298,181,366,407,373,355,325,357,336,409,246,259,324,100,340,261,376,442,468,17,267,144,266,364,269,314,245,29,336,1,108.8,108.5,108.5,109.9,109.3,109.3,-1.1,-0.8,-0.8,0.087,2.18,13.4,0.095,0.148,0.121,6.2,6.2,0.479,0.523,0.169,0.174,104.82,105.27,87.73,105.27,0.078,1227,1.8,4.3,237,259,259,278,242,242,273,263,263,346,145,344,52,207,104,60,62,411,380,286,281,55,51,51,330,373,355,34,2020-21
201609,Goran Dragic,Goran,1610612748,MIA,35.0,50,30,20,0.6,26.7,4.8,11.1,0.432,1.8,4.9,0.373,2.0,2.4,0.828,0.5,2.9,3.4,4.4,2.4,0.7,0.2,0.5,2.3,2.2,13.4,0.8,24.2,1,0,24.7,238,143,284,143,154,119,104,313,105,107,174,107,118,157,303,225,258,64,45,228,389,186,107,119,114,165,145,178,29,123,1,109.6,110.1,110.1,108.4,108.6,108.6,1.1,1.5,1.5,0.26,1.86,23.1,0.019,0.107,0.063,12.5,12.5,0.514,0.552,0.239,0.244,98.91,98.59,82.16,98.59,0.097,2745,4.8,11.1,207,204,204,192,200,200,192,188,188,55,229,96,380,352,365,434,436,304,282,71,72,466,481,481,197,119,104,40,2020-21
202330,Gordon Hayward,Gordon,1610612766,CHA,31.0,44,24,20,0.545,34.0,7.1,15.0,0.473,1.9,4.7,0.415,3.5,4.2,0.843,0.8,5.0,5.9,4.1,2.1,1.2,0.3,0.6,1.7,3.4,19.6,0.4,35.3,2,0,34.5,290,223,284,206,28,50,51,187,90,119,54,36,42,135,187,57,83,73,62,44,251,99,259,49,45,195,56,146,29,54,1,109.7,111.0,111.0,110.2,110.3,110.3,-0.4,0.7,0.7,0.189,1.99,17.9,0.024,0.143,0.083,9.0,9.0,0.537,0.584,0.235,0.237,101.49,100.83,84.03,100.83,0.124,3142,7.1,15.0,200,172,172,295,288,288,249,214,214,119,198,204,327,219,253,214,218,228,179,78,84,265,311,311,74,50,51,33,2020-21
203476,Gorgui Dieng,Gorgui,1610612759,SAS,31.0,38,14,24,0.368,14.5,2.2,4.3,0.521,0.8,1.8,0.429,1.5,1.8,0.866,1.1,2.6,3.7,1.3,0.8,0.7,0.4,0.2,1.5,1.4,6.8,-1.8,15.6,0,0,14.7,335,357,216,416,375,328,360,88,267,322,35,170,202,97,136,262,217,292,286,212,191,414,322,233,293,379,293,245,29,296,2,106.2,106.6,106.6,112.6,113.2,113.2,-6.4,-6.7,-6.7,0.13,1.5,17.6,0.068,0.181,0.122,11.7,11.7,0.613,0.67,0.169,0.174,102.07,101.65,84.71,101.65,0.12,1175,2.2,4.3,324,324,324,410,426,426,405,415,415,219,305,213,100,100,98,394,396,54,23,285,284,220,250,250,88,328,360,33,2020-21
1630203,Grant Riller,Grant,1610612766,CHA,24.0,7,2,5,0.286,3.9,1.1,1.7,0.667,0.3,0.6,0.5,0.0,0.0,0.0,0.0,0.1,0.1,0.4,0.1,0.1,0.0,0.0,0.0,0.1,2.6,-0.6,3.7,0,0,3.7,501,501,481,472,520,443,495,13,395,438,5,521,523,521,518,533,535,470,520,480,495,503,534,519,464,280,511,245,29,505,1,98.7,96.4,96.4,110.9,101.8,101.8,-12.2,-5.4,-5.4,0.3,3.0,18.8,0.0,0.04,0.02,6.3,6.3,0.75,0.75,0.22,0.225,92.64,97.82,81.52,97.82,0.211,55,1.1,1.7,477,497,497,337,50,50,480,380,380,33,43,176,518,532,535,61,66,5,4,112,114,540,509,509,2,443,495,33,2020-21
1629684,Grant Williams,Grant,1610612738,BOS,22.0,63,30,33,0.476,18.1,1.7,3.9,0.437,0.8,2.0,0.372,0.5,0.8,0.588,0.8,2.1,2.8,1.0,0.9,0.5,0.4,0.2,2.6,1.0,4.7,-0.8,11.4,0,0,11.0,99,143,72,289,306,384,378,292,274,301,175,409,370,465,211,331,312,340,271,310,211,359,67,305,386,297,372,245,29,367,1,107.5,107.4,107.4,108.4,109.3,109.3,-0.8,-1.9,-1.9,0.079,1.14,16.4,0.04,0.113,0.076,14.4,14.4,0.534,0.546,0.12,0.124,101.41,101.01,84.17,101.01,0.04,2393,1.7,3.9,283,292,292,183,241,241,266,290,290,383,386,245,208,322,288,489,488,237,317,480,480,272,302,302,500,384,378,36,2020-21
1628960,Grayson Allen,Grayson,1610612763,MEM,25.0,50,26,24,0.52,25.2,3.5,8.3,0.418,2.1,5.5,0.391,1.6,1.8,0.868,0.4,2.8,3.2,2.2,1.0,0.9,0.2,0.4,1.4,1.4,10.6,0.2,20.0,0,0,20.3,238,201,216,238,176,202,179,364,68,75,127,162,192,88,379,237,272,168,247,112,389,253,338,224,173,217,206,245,29,189,1,111.1,111.6,111.6,110.2,111.0,111.0,0.9,0.5,0.5,0.116,2.25,17.9,0.014,0.106,0.06,7.9,7.9,0.547,0.586,0.164,0.169,102.9,102.33,85.27,102.33,0.084,2682,3.5,8.3,160,161,161,299,328,328,201,219,219,246,129,206,450,356,388,144,137,195,170,315,316,151,197,197,290,202,179,38,2020-21
204222,Greg Whittington,Greg,1610612743,DEN,28.0,4,3,1,0.75,3.0,0.0,0.8,0.0,0.0,0.5,0.0,0.0,0.0,0.0,0.0,0.0,0.0,0.0,0.0,0.0,0.0,0.0,0.0,0.0,0.0,2.3,0.0,0,0,0.0,519,482,527,18,533,535,527,535,480,446,480,521,523,521,518,535,538,531,530,511,495,503,534,527,536,91,537,245,29,538,1,113.1,103.7,103.7,77.5,70.4,70.4,35.6,33.3,33.3,0.0,0.0,0.0,0.0,0.0,0.0,0.0,0.0,0.0,0.0,0.103,0.112,98.42,107.85,89.88,107.85,-0.071,27,0.0,0.8,105,397,397,2,1,1,2,2,2,531,524,531,518,535,538,1,1,535,536,516,514,488,20,20,536,535,527,47,2020-21
1628977,Hamidou Diallo,Hamidou,1610612765,DET,22.0,52,18,34,0.346,23.6,4.3,9.0,0.477,0.5,1.6,0.341,2.5,3.8,0.64,1.1,4.1,5.2,1.9,1.5,0.8,0.5,0.6,2.6,2.8,11.6,-3.7,23.1,7,0,21.8,215,312,61,429,201,148,158,177,334,350,256,76,48,433,127,111,115,184,131,161,171,102,61,77,147,477,154,70,29,162,2,101.3,102.0,102.0,108.8,110.6,110.6,-7.5,-8.6,-8.6,0.133,1.33,13.8,0.046,0.161,0.105,10.4,10.3,0.506,0.541,0.218,0.224,101.81,100.59,83.83,100.59,0.099,2583,4.3,9.0,448,430,430,212,306,306,427,443,443,214,355,331,176,152,162,323,324,328,328,119,119,237,326,326,178,148,158,20,2020-21
203084,Harrison Barnes,Harrison,1610612758,SAC,29.0,58,25,33,0.431,36.2,5.5,11.1,0.497,1.7,4.4,0.391,3.4,4.1,0.83,1.1,5.5,6.6,3.5,1.6,0.7,0.2,0.4,1.3,3.4,16.1,-1.0,30.4,6,0,29.8,157,213,72,348,5,95,105,134,117,126,125,40,44,153,131,45,63,93,116,181,357,211,365,51,75,318,77,77,29,79,1,114.0,114.4,114.4,114.9,116.2,116.2,-1.0,-1.8,-1.8,0.128,2.16,19.4,0.031,0.152,0.092,9.0,8.9,0.575,0.626,0.169,0.172,101.93,101.16,84.3,101.16,0.107,4440,5.5,11.1,80,77,77,492,505,505,271,282,282,224,149,161,267,187,217,213,211,114,70,288,292,229,286,286,145,95,105,31,2020-21
1628385,Harry Giles III,Harry,1610612757,POR,23.0,38,23,15,0.605,9.2,1.1,2.6,0.433,0.2,0.6,0.348,0.4,0.7,0.593,0.8,2.7,3.5,0.8,0.5,0.2,0.3,0.2,1.4,0.6,2.8,-2.1,9.3,0,0,8.4,335,234,372,141,452,449,454,310,412,434,238,433,393,462,195,254,233,396,399,464,236,386,337,421,453,399,408,245,29,421,1,103.6,101.1,101.1,111.7,111.5,111.5,-8.1,-10.4,-10.4,0.125,1.45,18.4,0.079,0.254,0.168,12.7,12.7,0.474,0.496,0.154,0.161,102.0,103.33,86.11,103.33,0.095,749,1.1,2.6,401,443,443,372,348,348,437,467,467,230,322,192,80,23,30,445,445,421,437,361,355,228,126,126,210,449,454,42,2020-21
202355,Hassan Whiteside,Hassan,1610612758,SAC,32.0,36,16,20,0.444,15.2,3.5,6.2,0.563,0.0,0.0,0.0,1.1,2.2,0.519,1.7,4.3,6.0,0.6,1.1,0.3,1.3,0.5,2.0,2.1,8.1,-2.9,19.6,4,0,17.7,346,331,284,330,369,197,264,54,480,518,480,226,143,484,61,95,79,433,196,443,19,173,164,129,239,447,214,105,29,229,1,106.5,106.3,106.3,114.9,114.5,114.5,-8.4,-8.1,-8.1,0.058,0.5,6.3,0.109,0.269,0.19,12.5,12.5,0.563,0.566,0.227,0.233,102.66,102.93,85.77,102.93,0.123,1166,3.5,6.2,320,330,330,491,469,469,443,438,438,474,502,510,35,17,14,441,439,147,235,99,97,171,157,157,82,197,264,31,2020-21
1627740,Henry Ellenson,Henry,1610612761,TOR,24.0,2,0,2,0.0,19.2,2.5,7.0,0.357,1.0,4.5,0.222,1.5,2.0,0.75,1.5,4.5,6.0,2.5,0.0,0.0,0.0,0.5,3.5,1.5,7.5,3.5,18.5,0,0,17.0,532,531,515,531,284,298,230,480,218,124,435,172,161,297,77,78,75,140,530,511,495,155,7,208,265,52,230,245,29,243,1,98.0,98.8,98.8,89.6,88.2,88.2,8.4,10.6,10.6,0.208,0.0,23.8,0.061,0.205,0.129,0.0,0.0,0.429,0.476,0.167,0.168,104.69,105.09,87.58,105.09,0.106,83,2.5,7.0,487,473,473,9,9,9,38,25,25,97,524,88,122,63,82,1,1,471,463,294,318,61,58,58,150,298,230,27,2020-21
1629649,Ignas Brazdeikis,Ignas,1610612753,ORL,22.0,13,3,10,0.231,19.1,2.7,6.4,0.422,0.8,2.2,0.393,0.8,1.1,0.714,0.8,2.6,3.5,1.3,0.9,0.3,0.2,0.7,1.7,0.8,7.0,-2.1,13.8,0,0,13.7,467,482,431,495,285,276,254,346,256,286,120,318,305,356,183,265,242,280,254,411,321,81,253,375,285,402,330,245,29,316,3,109.6,110.3,110.3,115.2,114.6,114.6,-5.7,-4.3,-4.3,0.1,1.42,14.3,0.041,0.129,0.085,10.1,10.2,0.488,0.51,0.171,0.173,101.51,101.47,84.56,101.47,0.063,524,2.7,6.4,205,197,197,495,472,472,391,355,355,289,328,312,200,265,244,303,309,387,414,276,286,262,254,254,425,276,254,21,2020-21
202697,Iman Shumpert,Iman,1610612751,BKN,31.0,2,1,1,0.5,5.5,0.5,2.0,0.25,0.0,1.5,0.0,0.0,0.0,0.0,0.5,0.0,0.5,0.0,0.5,0.5,0.0,0.0,0.0,0.0,1.0,-0.5,2.6,0,0,2.5,532,515,527,251,499,508,477,517,480,357,480,521,523,521,303,535,524,531,403,312,495,503,534,527,520,274,523,245,29,523,1,96.0,91.3,91.3,88.4,95.7,95.7,7.6,-4.3,-4.3,0.0,0.0,0.0,0.077,0.0,0.045,20.0,20.0,0.25,0.25,0.185,0.193,102.18,100.52,83.76,100.52,-0.011,23,0.5,2.0,504,513,513,6,20,20,50,357,357,531,524,531,83,535,493,526,526,524,528,217,208,207,333,333,527,508,477,48,2020-21
1630193,Immanuel Quickley,Immanuel,1610612752,NYK,22.0,64,37,27,0.578,19.4,3.6,9.1,0.395,1.8,4.7,0.389,2.4,2.7,0.891,0.4,1.8,2.1,2.0,0.9,0.5,0.2,0.4,1.8,2.0,11.4,2.8,18.0,0,0,18.7,89,73,163,169,274,190,156,421,101,116,131,79,103,61,369,373,381,179,265,333,360,230,227,133,152,66,242,245,29,215,1,111.2,111.6,111.6,104.8,104.5,104.5,6.3,7.1,7.1,0.164,2.19,15.3,0.02,0.086,0.054,7.0,6.9,0.497,0.557,0.246,0.258,97.21,97.18,80.98,97.18,0.103,2519,3.6,9.1,157,160,160,75,74,74,70,58,58,148,141,288,364,449,440,92,88,365,261,61,58,527,534,534,157,190,156,41,2020-21
1629067,Isaac Bonga,Isaac,1610612764,WAS,21.0,40,16,24,0.4,10.8,0.8,2.0,0.37,0.3,1.2,0.277,0.1,0.2,0.625,0.5,1.2,1.7,0.6,0.6,0.3,0.2,0.0,1.6,0.4,2.0,-0.9,5.7,0,0,5.5,320,331,216,382,429,487,476,465,386,386,387,510,513,443,340,441,427,431,395,433,329,501,298,477,493,312,470,245,29,471,1,101.3,99.2,99.2,102.4,102.4,102.4,-1.0,-3.3,-3.3,0.072,1.05,17.8,0.042,0.1,0.073,17.1,17.0,0.451,0.461,0.101,0.106,103.87,104.95,87.46,104.95,0.022,942,0.8,2.0,446,469,469,45,53,53,272,329,329,412,413,208,198,384,306,514,515,450,478,522,518,98,60,60,518,487,476,34,2020-21
1630171,Isaac Okoro,Isaac,1610612739,CLE,20.0,67,20,47,0.299,32.4,3.5,8.3,0.42,0.9,3.2,0.29,1.7,2.3,0.726,1.0,2.1,3.1,1.9,1.3,0.9,0.4,0.8,2.8,1.9,9.6,-6.1,18.8,1,0,18.1,58,279,8,460,54,196,177,350,243,201,365,144,128,345,143,332,292,193,155,108,226,65,34,150,193,521,225,178,29,225,1,103.2,104.6,104.6,112.9,113.4,113.4,-9.7,-8.7,-8.7,0.086,1.49,15.2,0.031,0.066,0.048,10.2,10.2,0.476,0.514,0.142,0.145,98.94,98.07,81.72,98.07,0.044,4431,3.5,8.3,412,375,375,425,428,428,460,444,444,349,309,291,264,511,475,312,313,417,403,408,419,465,502,502,496,196,177,22,2020-21
1628392,Isaiah Hartenstein,Isaiah,1610612739,CLE,23.0,46,20,26,0.435,12.1,2.0,3.7,0.55,0.0,0.1,0.333,1.0,1.5,0.648,1.4,2.5,3.9,1.2,1.0,0.4,0.8,0.3,2.3,1.4,5.1,0.0,14.5,1,0,12.8,268,279,181,339,411,347,393,64,466,494,281,246,230,426,88,271,202,304,249,365,74,291,106,223,366,235,319,178,29,334,2,107.0,107.8,107.8,106.7,105.7,105.7,0.3,2.1,2.1,0.147,1.25,18.3,0.114,0.207,0.16,14.6,14.6,0.556,0.583,0.187,0.191,99.86,99.97,83.31,99.97,0.108,1152,2.0,3.7,300,277,277,122,102,102,227,168,168,181,371,194,32,61,41,493,492,167,180,212,220,404,380,380,142,347,393,22,2020-21
1630198,Isaiah Joe,Isaiah,1610612755,PHI,21.0,41,22,19,0.537,9.3,1.2,3.2,0.361,1.0,2.6,0.368,0.4,0.6,0.75,0.1,0.7,0.9,0.5,0.3,0.3,0.1,0.0,0.8,0.8,3.7,0.0,6.4,0,0,6.8,310,252,306,215,449,438,422,477,233,242,188,424,431,297,496,491,498,451,484,422,438,495,457,372,427,227,456,245,29,448,1,105.7,106.9,106.9,108.3,105.1,105.1,-2.6,1.8,1.8,0.072,1.82,11.5,0.014,0.083,0.045,6.3,6.3,0.508,0.533,0.163,0.166,102.09,103.07,85.89,103.07,0.058,816,1.2,3.2,352,310,310,180,92,92,311,180,180,411,236,403,451,459,495,67,69,323,357,322,327,217,146,146,448,438,422,49,2020-21
1629676,Isaiah Roby,Isaiah,1610612760,OKC,23.0,61,19,42,0.311,23.4,3.4,7.0,0.483,0.5,1.8,0.294,1.4,1.9,0.744,1.5,4.1,5.6,1.8,1.9,0.9,0.6,0.6,2.7,1.7,8.7,-7.2,20.6,3,0,19.5,124,298,20,450,205,208,228,158,336,331,362,183,179,317,84,107,94,215,83,136,121,110,46,179,221,531,196,115,29,200,1,99.4,99.5,99.5,113.3,113.6,113.6,-13.9,-14.1,-14.1,0.118,0.95,15.3,0.057,0.169,0.112,16.1,16.1,0.52,0.555,0.171,0.176,103.08,102.9,85.75,102.9,0.084,3052,3.4,7.0,472,467,467,440,436,436,494,493,493,241,449,289,131,130,125,507,508,287,272,275,273,143,162,162,295,208,228,22,2020-21
1630191,Isaiah Stewart,Isaiah,1610612765,DET,20.0,68,20,48,0.294,21.4,3.3,6.0,0.553,0.3,0.9,0.333,0.9,1.4,0.696,2.3,4.3,6.7,0.9,1.0,0.6,1.3,0.4,2.7,1.7,7.9,-0.9,21.7,8,0,19.4,47,279,6,461,240,216,275,63,391,407,281,268,260,383,28,92,60,368,242,278,20,212,39,172,247,311,176,64,29,203,1,104.8,105.5,105.5,106.3,107.4,107.4,-1.5,-2.0,-2.0,0.064,0.88,10.3,0.105,0.193,0.149,11.7,11.6,0.578,0.597,0.15,0.154,100.5,99.66,83.05,99.66,0.108,3020,3.3,6.0,374,349,349,112,155,155,286,292,292,455,461,440,38,79,56,389,390,104,139,378,381,352,411,411,144,216,275,20,2020-21
202738,Isaiah Thomas,Isaiah,1610612740,NOP,32.0,3,1,2,0.333,16.1,3.0,9.0,0.333,1.0,4.0,0.25,0.7,0.7,1.0,0.3,1.0,1.3,1.7,2.0,0.3,0.0,0.3,1.0,2.0,7.7,2.7,10.8,0,0,12.3,527,515,515,434,348,247,159,494,218,153,410,350,401,1,398,456,462,230,69,396,495,267,419,134,257,74,381,245,29,349,1,107.1,106.7,106.7,100.6,100.0,100.0,6.5,6.7,6.7,0.167,0.83,12.8,0.019,0.052,0.036,15.4,15.4,0.389,0.412,0.274,0.281,103.41,103.92,86.6,103.92,0.033,105,3.0,9.0,295,317,317,33,33,33,67,65,65,145,465,360,387,528,528,498,499,503,505,38,38,122,103,103,509,247,159,31,2020-21
202397,Ish Smith,Ish,1610612764,WAS,32.0,44,23,21,0.523,21.0,2.9,6.8,0.434,0.4,1.1,0.367,0.4,0.8,0.576,0.5,2.9,3.4,3.9,0.9,0.7,0.3,0.2,1.4,1.1,6.7,1.2,18.8,0,0,16.5,290,234,268,233,247,252,239,304,367,390,190,428,384,470,303,221,254,75,253,184,264,372,345,286,298,145,223,245,29,256,1,110.2,111.0,111.0,108.4,108.7,108.7,1.8,2.3,2.3,0.242,4.2,32.8,0.022,0.131,0.076,7.8,7.8,0.465,0.473,0.155,0.158,105.45,104.87,87.4,104.87,0.093,2020,2.9,6.8,191,171,171,189,204,204,171,160,160,65,11,17,341,259,286,130,132,437,468,357,363,41,65,65,227,252,239,34,2020-21
1627826,Ivica Zubac,Ivica,1610612746,LAC,24.0,72,47,25,0.653,22.3,3.6,5.5,0.652,0.0,0.1,0.25,1.9,2.4,0.789,2.6,4.6,7.2,1.3,1.1,0.3,0.9,0.7,2.6,2.3,9.0,2.5,22.0,13,0,19.9,1,11,201,104,220,193,301,16,478,509,410,121,121,239,17,74,42,296,191,396,73,94,57,110,211,80,170,35,29,192,1,113.9,114.3,114.3,108.6,109.3,109.3,5.3,5.0,5.0,0.079,1.11,13.9,0.121,0.2,0.162,12.5,12.7,0.654,0.693,0.147,0.15,99.46,98.99,82.49,98.99,0.117,3324,3.6,5.5,82,83,83,200,239,239,89,94,94,382,397,325,24,70,36,440,444,20,15,386,399,432,463,463,95,193,301,47,2020-21
200755,JJ Redick,JJ,1610612742,DAL,37.0,44,22,22,0.5,16.4,2.4,6.1,0.397,1.5,4.0,0.371,1.1,1.2,0.942,0.1,1.4,1.5,1.2,0.8,0.3,0.1,0.2,1.1,1.3,7.4,0.0,11.1,0,0,12.2,290,252,245,251,342,306,270,417,147,151,180,231,285,26,511,417,448,317,294,443,464,415,392,248,268,228,377,245,29,351,2,109.4,109.3,109.3,109.7,110.6,110.6,-0.3,-1.3,-1.3,0.098,1.42,13.7,0.006,0.082,0.044,9.7,9.6,0.521,0.564,0.184,0.192,102.72,102.32,85.27,102.32,0.067,1552,2.4,6.1,216,233,233,266,305,305,244,273,273,298,328,335,514,466,501,273,260,283,243,223,212,166,199,199,404,306,270,42,2020-21
1629630,Ja Morant,Ja,1610612763,MEM,21.0,63,33,30,0.524,32.6,6.8,15.2,0.449,1.2,3.8,0.303,4.3,5.9,0.728,0.9,3.1,4.0,7.4,3.2,0.9,0.2,1.1,1.4,4.9,19.1,1.7,35.1,14,1,33.9,99,107,115,231,52,54,49,247,192,159,350,29,22,339,162,200,192,10,17,117,340,18,349,20,51,115,58,33,17,56,1,113.6,114.7,114.7,110.8,112.1,112.1,2.8,2.6,2.6,0.321,2.29,25.9,0.027,0.091,0.059,11.3,11.3,0.487,0.537,0.267,0.27,103.24,102.16,85.13,102.16,0.113,4366,6.8,15.2,92,70,70,335,382,382,143,152,152,25,120,64,291,430,398,369,370,390,345,40,42,129,212,212,118,54,49,38,2020-21
203960,JaKarr Sampson,JaKarr,1610612754,IND,28.0,29,14,15,0.483,10.9,1.9,3.9,0.496,0.1,0.5,0.2,0.7,1.0,0.655,0.9,1.7,2.7,0.1,0.5,0.1,0.5,0.2,1.8,0.8,4.6,0.1,9.2,0,0,8.6,395,357,372,281,428,359,380,136,439,444,443,354,311,419,164,376,324,520,402,502,162,358,224,366,388,221,414,245,29,418,1,109.5,109.9,109.9,109.8,108.9,108.9,-0.4,1.1,1.1,0.017,0.27,2.8,0.08,0.145,0.113,10.4,10.4,0.509,0.533,0.177,0.184,104.1,104.34,86.95,104.34,0.059,686,1.9,3.9,215,209,209,270,215,215,245,196,196,526,515,526,79,212,124,324,326,318,358,255,249,90,86,86,444,359,380,34,2020-21
203210,JaMychal Green,JaMychal,1610612743,DEN,31.0,58,38,20,0.655,19.3,3.0,6.4,0.463,1.4,3.4,0.399,0.8,1.0,0.807,1.5,3.3,4.8,0.9,0.9,0.4,0.4,0.5,2.5,0.8,8.1,1.7,16.8,1,0,16.8,157,65,284,101,278,249,252,217,159,186,102,309,326,202,83,175,137,357,262,343,215,180,73,370,240,118,272,178,29,246,1,110.5,111.8,111.8,107.3,107.6,107.6,3.2,4.1,4.1,0.07,1.0,10.5,0.072,0.177,0.122,10.5,10.5,0.568,0.59,0.172,0.176,98.52,97.77,81.48,97.77,0.088,2283,3.0,6.4,177,153,153,135,161,161,135,112,112,422,424,433,93,105,99,330,332,132,157,273,274,487,513,513,265,249,252,47,2020-21
201580,JaVale McGee,JaVale,1610612743,DEN,33.0,46,21,25,0.457,14.7,3.1,6.1,0.511,0.1,0.5,0.208,1.0,1.5,0.657,1.7,3.5,5.2,0.8,1.3,0.4,1.2,0.3,2.6,1.4,7.3,-1.9,18.3,1,0,16.7,268,264,201,316,371,237,269,104,438,443,441,264,241,417,63,155,117,372,154,365,27,319,48,217,272,391,233,178,29,249,2,101.0,100.9,100.9,106.2,106.9,106.9,-5.2,-6.1,-6.1,0.098,0.65,9.5,0.105,0.231,0.166,14.6,14.6,0.52,0.541,0.228,0.235,100.17,99.87,83.22,99.87,0.115,1410,3.1,6.1,456,446,446,107,133,133,376,397,397,297,494,461,39,41,32,492,493,290,330,93,88,377,389,389,103,237,269,47,2020-21
203953,Jabari Parker,Jabari,1610612738,BOS,26.0,13,4,9,0.308,12.7,2.3,4.2,0.545,0.2,0.8,0.182,0.8,1.0,0.769,0.8,2.5,3.2,0.8,0.8,0.1,0.4,0.0,1.0,0.9,5.5,-1.1,11.3,0,0,10.7,467,474,441,451,403,319,362,66,426,414,458,318,311,274,208,279,269,373,316,499,207,503,419,337,341,327,373,245,29,371,2,100.3,100.6,100.6,105.3,106.1,106.1,-5.0,-5.5,-5.5,0.105,1.1,13.4,0.056,0.18,0.117,12.2,12.2,0.564,0.593,0.175,0.181,100.74,100.23,83.53,100.23,0.117,348,2.3,4.2,465,453,453,81,111,111,370,383,383,277,400,343,138,103,114,420,426,143,149,262,257,336,356,356,94,319,362,36,2020-21
1630183,Jaden McDaniels,Jaden,1610612750,MIN,20.0,63,18,45,0.286,24.0,2.6,5.8,0.447,1.1,3.1,0.364,0.4,0.7,0.6,0.8,2.9,3.7,1.1,0.7,0.6,1.0,0.2,2.7,0.7,6.8,-1.6,16.7,0,0,15.7,99,312,11,472,193,284,283,258,195,204,200,429,391,457,191,231,218,320,328,290,58,392,38,398,295,369,273,245,29,275,1,108.5,109.6,109.6,112.5,113.1,113.1,-4.0,-3.4,-3.4,0.064,1.51,14.1,0.032,0.118,0.073,9.3,9.3,0.545,0.552,0.118,0.121,103.92,103.13,85.94,103.13,0.05,3250,2.6,5.8,251,222,222,407,421,421,344,332,332,457,303,319,259,296,302,247,246,206,284,489,491,94,143,143,475,284,283,23,2020-21
203109,Jae Crowder,Jae,1610612756,PHX,30.0,60,42,18,0.7,27.5,3.3,8.2,0.404,2.5,6.3,0.389,1.0,1.3,0.76,0.5,4.2,4.7,2.1,0.9,0.8,0.5,0.2,2.1,1.4,10.1,3.6,21.7,0,0,21.8,140,36,329,54,139,218,183,399,43,40,130,265,276,289,294,102,146,170,257,156,179,364,148,242,184,51,178,245,29,161,1,114.4,114.3,114.3,107.2,107.9,107.9,7.2,6.3,6.3,0.102,2.31,18.1,0.02,0.146,0.085,7.8,7.8,0.555,0.574,0.152,0.157,100.27,100.0,83.33,100.0,0.081,3434,3.3,8.2,71,84,84,134,171,171,57,69,69,281,118,200,365,210,242,133,129,173,207,370,369,371,375,375,308,218,183,51,2020-21
1630256,Jae'Sean Tate,Jae'Sean,1610612745,HOU,25.0,70,17,53,0.243,29.2,4.5,8.9,0.506,0.9,2.8,0.308,1.5,2.1,0.694,1.9,3.5,5.3,2.5,1.4,1.2,0.5,0.7,3.2,2.3,11.3,-2.7,25.4,3,0,23.5,21,325,1,492,116,140,164,112,254,224,340,179,151,385,47,163,109,136,137,40,148,93,12,105,155,435,128,115,29,138,1,107.0,108.0,108.0,111.8,111.8,111.8,-4.8,-3.8,-3.8,0.127,1.82,18.4,0.06,0.118,0.088,10.1,10.1,0.554,0.576,0.161,0.163,103.22,102.71,85.59,102.71,0.083,4360,4.5,8.9,298,272,272,378,367,367,365,340,340,228,238,189,124,302,229,307,308,178,199,335,341,132,176,176,301,140,164,17,2020-21
1626143,Jahlil Okafor,Jahlil,1610612765,DET,25.0,27,5,22,0.185,12.9,2.3,3.8,0.618,0.1,0.3,0.222,0.6,0.9,0.708,0.9,1.6,2.4,0.5,0.8,0.2,0.2,0.5,1.4,0.9,5.4,-3.1,9.5,0,0,9.2,400,465,245,518,401,314,388,32,451,463,435,361,348,369,182,390,344,454,315,456,361,149,328,347,351,453,403,245,29,406,1,98.5,98.5,98.5,108.4,108.7,108.7,-9.8,-10.2,-10.2,0.066,0.62,8.8,0.07,0.119,0.096,14.3,14.3,0.627,0.644,0.17,0.174,99.84,99.74,83.11,99.74,0.089,717,2.3,3.8,478,476,476,187,201,201,461,465,465,439,496,472,94,294,196,487,487,40,46,278,285,405,402,402,253,314,388,20,2020-21
1630186,Jahmi'us Ramsey,Jahmi'us,1610612758,SAC,20.0,13,5,8,0.385,7.3,1.2,2.9,0.395,0.4,1.5,0.263,0.4,0.4,1.0,0.2,0.6,0.8,0.5,0.2,0.3,0.1,0.1,0.6,0.4,3.1,0.2,5.6,0,0,5.5,467,465,454,401,473,441,441,422,370,362,399,445,478,1,492,506,510,459,496,411,457,480,489,473,444,218,474,245,29,472,1,107.0,106.7,106.7,108.3,104.2,104.2,-1.3,2.4,2.4,0.088,2.0,12.2,0.019,0.08,0.048,6.1,6.1,0.461,0.498,0.183,0.187,105.25,107.46,89.55,107.46,0.063,210,1.2,2.9,297,317,317,178,70,70,277,158,158,339,185,385,387,474,476,58,59,441,434,226,236,43,23,23,428,441,441,31,2020-21
1627774,Jake Layman,Jake,1610612750,MIN,27.0,45,12,33,0.267,13.9,2.0,4.1,0.495,0.5,1.7,0.295,0.6,0.8,0.703,0.3,1.2,1.5,0.6,0.6,0.6,0.4,0.4,1.0,0.7,5.1,-1.8,10.5,0,0,9.9,279,388,72,483,384,351,369,137,338,340,358,379,368,377,429,441,444,424,387,236,190,255,432,381,364,380,385,245,29,389,1,101.5,101.5,101.5,107.4,107.3,107.3,-6.0,-5.8,-5.8,0.067,1.08,11.1,0.019,0.083,0.051,10.3,10.2,0.557,0.577,0.147,0.152,104.16,104.15,86.79,104.15,0.074,1360,2.0,4.1,442,436,436,140,151,151,396,392,392,437,405,418,375,461,458,316,315,162,194,387,389,89,94,94,359,351,369,23,2020-21
1627751,Jakob Poeltl,Jakob,1610612759,SAS,25.0,69,32,37,0.464,26.7,3.8,6.2,0.616,0.0,0.0,0.0,0.9,1.8,0.508,3.2,4.8,7.9,1.9,1.2,0.7,1.8,0.4,2.5,1.7,8.6,1.6,27.2,15,0,23.4,32,115,37,305,153,171,262,33,480,522,480,276,201,487,10,68,31,185,168,216,6,207,72,180,227,124,102,30,29,142,1,111.5,112.2,112.2,108.7,109.0,109.0,2.7,3.2,3.2,0.096,1.61,19.3,0.114,0.173,0.143,11.9,11.8,0.616,0.612,0.13,0.134,100.28,99.84,83.2,99.84,0.1,3831,3.8,6.2,149,144,144,207,221,221,144,132,132,311,281,165,31,120,60,406,402,47,97,450,456,370,392,392,169,171,262,33,2020-21
1628973,Jalen Brunson,Jalen,1610612742,DAL,24.0,68,40,28,0.588,25.0,4.8,9.2,0.523,1.2,2.9,0.405,1.8,2.2,0.795,0.4,3.0,3.4,3.5,1.2,0.5,0.0,0.3,1.6,2.6,12.6,2.4,22.4,1,0,21.8,47,48,143,156,179,116,150,87,185,217,82,135,138,232,367,204,257,90,174,305,493,344,284,89,132,85,161,178,29,164,1,112.9,113.7,113.7,109.1,108.7,108.7,3.8,4.9,4.9,0.215,2.99,23.7,0.016,0.117,0.067,7.9,7.9,0.588,0.618,0.196,0.203,99.03,98.84,82.37,98.84,0.123,3490,4.8,9.2,113,102,102,233,205,205,126,97,97,90,50,89,423,311,341,142,145,90,84,171,172,460,472,472,80,116,150,42,2020-21
1630223,Jalen Harris,Jalen,1610612761,TOR,22.0,13,3,10,0.231,13.2,2.8,5.5,0.5,1.3,2.8,0.472,0.5,0.7,0.778,0.2,1.2,1.4,1.3,1.1,0.6,0.0,0.5,1.2,0.7,7.4,-0.1,11.8,0,0,12.6,467,482,431,495,394,272,299,120,168,226,14,386,398,254,457,445,456,280,203,254,495,139,387,389,269,239,365,245,29,340,1,108.0,108.2,108.2,108.9,107.8,107.8,-0.9,0.3,0.3,0.153,1.21,15.9,0.017,0.091,0.052,13.1,13.1,0.618,0.632,0.219,0.225,102.48,102.91,85.76,102.91,0.097,368,2.8,5.5,270,268,268,220,167,167,270,225,225,170,376,264,411,429,451,454,454,46,65,114,117,184,159,159,194,272,299,27,2020-21
1629665,Jalen Lecque,Jalen,1610612754,IND,21.0,4,2,2,0.5,3.0,0.3,2.3,0.111,0.0,0.3,0.0,0.8,0.8,1.0,0.5,0.8,1.3,0.5,0.0,0.0,0.0,0.3,0.0,0.5,1.3,-1.0,3.5,0,0,3.0,519,501,515,251,532,523,470,532,480,475,480,323,384,1,303,486,468,444,530,511,495,344,534,446,512,320,514,245,29,516,1,69.8,77.8,77.8,92.7,92.6,92.6,-22.9,-14.8,-14.8,0.333,0.0,16.7,0.083,0.2,0.128,0.0,0.0,0.111,0.242,0.263,0.278,112.83,106.81,89.01,106.81,0.12,27,0.3,2.3,536,534,534,14,16,16,517,500,500,17,524,236,68,68,83,1,1,532,529,43,39,2,31,31,89,523,470,34,2020-21
1629667,Jalen McDaniels,Jalen,1610612766,CHA,23.0,47,18,29,0.383,19.2,2.8,6.0,0.468,0.7,2.2,0.333,1.0,1.4,0.703,1.0,2.6,3.6,1.1,1.0,0.6,0.4,0.5,2.0,1.3,7.4,-3.8,15.4,2,0,14.8,256,312,129,404,282,265,271,202,280,281,281,262,257,375,155,259,227,319,248,266,196,164,165,253,270,480,297,146,29,295,1,104.8,104.6,104.6,114.2,113.9,113.9,-9.4,-9.4,-9.4,0.09,1.18,13.0,0.047,0.138,0.091,11.0,11.0,0.53,0.554,0.169,0.175,98.31,98.54,82.12,98.54,0.073,1852,2.8,6.0,373,376,376,467,452,452,455,455,455,332,383,357,171,233,219,353,351,253,275,283,280,493,482,482,367,265,271,33,2020-21
1630188,Jalen Smith,Jalen,1610612756,PHX,21.0,27,19,8,0.704,5.8,0.8,1.9,0.44,0.1,0.6,0.235,0.2,0.3,0.714,0.3,1.1,1.4,0.1,0.3,0.0,0.1,0.0,0.6,0.3,2.0,-0.6,4.1,1,0,4.0,400,298,454,50,496,480,486,278,428,432,430,496,504,356,444,450,459,517,490,510,397,498,493,494,490,284,502,178,29,501,1,108.5,106.3,106.3,110.7,110.7,110.7,-2.2,-4.4,-4.4,0.037,0.57,6.3,0.044,0.174,0.111,10.9,10.9,0.48,0.499,0.161,0.169,102.62,103.72,86.43,103.72,0.059,336,0.8,1.9,249,333,333,329,308,308,300,359,359,512,498,511,189,112,128,349,349,410,429,330,314,175,110,110,445,480,486,51,2020-21
1627750,Jamal Murray,Jamal,1610612743,DEN,24.0,48,31,17,0.646,35.5,7.9,16.5,0.477,2.7,6.6,0.408,2.8,3.2,0.869,0.8,3.3,4.0,4.8,2.3,1.3,0.3,0.5,2.0,3.3,21.2,6.3,35.8,1,0,36.0,251,130,346,112,11,31,38,173,33,34,73,60,77,86,207,179,187,52,50,27,288,137,177,53,35,14,51,178,29,40,1,117.5,118.6,118.6,110.4,110.6,110.6,7.1,8.0,8.0,0.197,2.14,19.3,0.023,0.095,0.059,9.0,9.0,0.559,0.592,0.244,0.249,97.92,97.41,81.18,97.41,0.117,3468,7.9,16.5,14,15,15,312,299,299,61,42,42,111,155,164,339,408,399,224,220,156,152,67,68,507,528,528,96,31,38,47,2020-21
203516,James Ennis III,James,1610612753,ORL,30.0,41,12,29,0.293,24.1,2.8,5.9,0.473,1.1,2.5,0.433,1.7,2.1,0.805,1.0,3.0,4.0,1.5,0.9,0.8,0.2,0.5,2.0,1.7,8.4,-1.8,17.5,1,0,17.0,310,388,129,465,192,269,280,185,203,247,32,143,149,206,137,204,186,248,275,164,378,184,156,169,232,377,254,178,29,244,1,106.9,107.9,107.9,111.5,111.7,111.7,-4.5,-3.8,-3.8,0.087,1.72,16.5,0.042,0.123,0.082,9.6,9.5,0.566,0.613,0.137,0.14,100.13,99.6,83.0,99.6,0.077,2049,2.8,5.9,303,275,275,364,359,359,357,342,342,344,259,243,199,285,256,260,253,136,92,428,432,380,415,415,337,269,280,21,2020-21
201935,James Harden,James,1610612751,BKN,31.0,44,31,13,0.705,36.6,7.8,16.7,0.466,2.8,7.6,0.362,6.3,7.3,0.861,0.8,7.1,7.9,10.8,4.0,1.2,0.8,1.1,2.3,5.1,24.6,2.3,52.1,32,12,50.0,290,130,391,49,2,34,37,210,30,19,207,8,7,100,200,16,32,2,5,41,90,21,108,18,21,88,4,14,3,6,2,116.7,117.2,117.2,112.9,114.3,114.3,3.8,2.9,2.9,0.442,2.68,31.2,0.023,0.191,0.111,11.6,11.6,0.548,0.618,0.283,0.289,100.66,99.78,83.15,99.78,0.174,3347,7.8,16.7,35,28,28,423,465,465,120,142,142,2,73,22,331,83,132,388,387,191,82,33,32,341,395,395,11,34,37,48,2020-21
201949,James Johnson,James,1610612740,NOP,34.0,51,21,30,0.412,20.5,2.9,6.4,0.446,0.6,2.4,0.258,0.9,1.5,0.592,0.6,2.8,3.5,1.9,1.1,0.8,0.8,0.3,2.4,1.1,7.2,-2.5,18.1,0,0,16.5,226,264,115,379,256,258,253,260,317,265,406,285,234,463,253,234,239,189,202,147,78,305,89,293,273,427,239,245,29,253,2,106.0,106.4,106.4,110.7,111.4,111.4,-4.7,-5.0,-5.0,0.134,1.78,19.1,0.029,0.131,0.08,10.7,10.7,0.494,0.51,0.166,0.17,103.07,102.54,85.45,102.54,0.071,2220,2.9,6.4,338,327,327,330,340,340,363,371,371,210,247,169,274,260,272,340,340,371,413,297,311,146,185,185,379,258,253,31,2020-21
203263,James Nunnally,James,1610612740,NOP,30.0,9,3,6,0.333,5.3,0.6,1.4,0.385,0.4,1.3,0.333,0.1,0.2,0.5,0.2,0.8,1.0,0.3,0.2,0.0,0.0,0.0,0.1,0.2,1.7,-0.4,3.1,0,0,3.4,491,482,475,434,501,503,506,441,357,372,281,512,511,488,462,482,483,487,502,511,495,503,531,508,502,270,518,245,29,510,1,101.7,99.0,99.0,110.6,103.9,103.9,-9.0,-4.8,-4.8,0.094,1.5,15.8,0.033,0.149,0.084,10.5,10.6,0.538,0.54,0.129,0.134,99.47,103.97,86.64,103.97,0.075,104,0.6,1.4,439,470,470,326,64,64,451,367,367,319,305,270,246,204,247,331,338,222,333,453,454,430,100,100,350,503,506,31,2020-21
1630164,James Wiseman,James,1610612744,GSW,20.0,39,18,21,0.462,21.4,4.9,9.4,0.519,0.3,1.0,0.316,1.4,2.2,0.628,1.4,4.4,5.8,0.7,1.5,0.3,0.9,0.5,3.1,1.9,11.5,-4.7,21.5,3,0,20.7,326,312,268,311,238,114,143,90,392,405,322,188,140,442,89,86,84,413,122,426,63,139,16,152,149,499,181,115,29,183,1,100.5,101.8,101.8,110.4,110.6,110.6,-9.9,-8.8,-8.8,0.05,0.43,5.3,0.063,0.19,0.127,12.2,12.2,0.535,0.552,0.231,0.234,106.46,105.66,88.05,105.66,0.088,1830,4.9,9.4,462,434,434,309,302,302,462,445,445,490,511,519,118,85,84,425,422,233,285,82,91,29,47,47,259,114,143,39,2020-21
201162,Jared Dudley,Jared,1610612747,LAL,35.0,12,7,5,0.583,6.7,0.2,0.8,0.222,0.2,0.5,0.333,0.0,0.0,0.0,0.3,1.4,1.8,0.4,0.2,0.1,0.1,0.1,0.6,0.0,0.5,0.2,3.6,0,0,3.2,478,445,481,162,483,529,527,527,421,446,281,521,523,521,398,412,416,474,514,498,452,478,494,527,530,216,513,245,29,515,1,101.2,97.7,97.7,101.6,99.4,99.4,-0.4,-1.7,-1.7,0.081,2.5,31.3,0.047,0.213,0.127,12.5,12.5,0.333,0.333,0.056,0.059,97.46,100.29,83.57,100.29,0.055,171,0.2,0.8,452,487,487,37,28,28,248,281,281,368,92,21,175,54,86,435,437,512,518,539,539,522,352,352,459,529,527,42,2020-21
1629607,Jared Harper,Jared,1610612752,NYK,23.0,8,5,3,0.625,2.0,0.0,0.5,0.0,0.0,0.1,0.0,0.4,0.5,0.75,0.0,0.3,0.3,0.1,0.4,0.0,0.0,0.0,0.1,0.3,0.4,-0.6,0.5,0,0,0.8,495,465,502,126,539,535,536,535,480,496,480,448,453,297,518,531,533,521,443,511,495,503,530,504,532,287,534,245,29,534,1,90.5,78.6,78.6,100.1,95.0,95.0,-9.6,-16.4,-16.4,0.125,0.33,10.0,0.0,0.091,0.045,30.0,30.7,0.0,0.26,0.2,0.228,109.94,121.11,100.92,121.11,-0.052,42,0.0,0.5,518,533,533,30,19,19,458,504,504,230,513,449,518,431,493,533,533,535,527,159,108,7,2,2,533,535,536,41,2020-21
1628991,Jaren Jackson Jr.,Jaren,1610612763,MEM,21.0,11,4,7,0.364,23.5,4.8,11.4,0.424,1.5,5.5,0.283,3.2,3.8,0.833,1.5,4.1,5.6,1.1,1.4,1.1,1.6,0.6,3.8,3.2,14.4,-5.8,29.6,0,0,28.1,479,474,466,419,203,117,101,338,137,78,378,46,51,145,73,113,93,323,143,64,9,99,3,59,96,519,89,245,29,92,1,106.0,107.6,107.6,118.1,118.0,118.0,-12.1,-10.5,-10.5,0.074,0.8,7.1,0.06,0.164,0.112,8.8,8.8,0.492,0.551,0.252,0.258,102.09,101.41,84.51,101.41,0.097,543,4.8,11.4,336,287,287,520,523,523,478,468,468,404,469,503,123,140,127,194,193,380,291,54,56,218,261,261,191,117,101,38,2020-21
1629020,Jarred Vanderbilt,Jarred,1610612750,MIN,22.0,64,18,46,0.281,17.8,2.2,3.7,0.606,0.0,0.1,0.2,0.9,1.6,0.559,1.8,3.9,5.8,1.2,0.8,1.0,0.7,0.5,1.9,1.5,5.4,-0.8,18.4,3,0,15.8,89,312,9,475,311,330,397,39,477,502,443,283,224,479,52,124,88,307,291,87,94,135,188,203,350,304,231,115,29,272,1,106.9,108.1,108.1,108.2,109.2,109.2,-1.3,-1.1,-1.1,0.091,1.43,18.6,0.096,0.211,0.153,13.0,12.9,0.608,0.612,0.118,0.122,104.82,103.75,86.46,103.75,0.107,2451,2.2,3.7,306,271,271,173,236,236,278,269,269,325,324,181,50,57,51,450,450,58,94,486,487,56,106,106,148,330,397,23,2020-21
1629714,Jarrell Brantley,Jarrell,1610612762,UTA,25.0,28,23,5,0.821,4.9,0.9,1.9,0.481,0.4,1.0,0.429,0.1,0.1,1.0,0.3,0.6,1.0,0.5,0.3,0.3,0.1,0.1,0.6,0.0,2.3,-0.9,4.9,0,0,4.9,397,234,481,11,506,472,485,161,362,396,35,518,521,1,411,503,495,439,478,443,461,445,490,526,478,308,486,245,29,482,1,105.7,103.0,103.0,114.6,112.1,112.1,-8.9,-9.1,-9.1,0.17,1.88,19.7,0.059,0.125,0.091,10.5,10.5,0.596,0.605,0.182,0.192,101.13,103.59,86.33,103.59,0.096,300,0.9,1.9,349,411,411,483,385,385,449,451,451,139,223,152,126,281,218,331,334,73,111,230,216,302,116,116,203,472,485,52,2020-21
1628386,Jarrett Allen,Jarrett,1610612739,CLE,23.0,63,20,43,0.317,29.6,4.7,7.7,0.618,0.1,0.3,0.316,3.2,4.6,0.703,3.1,6.9,10.0,1.7,1.6,0.5,1.4,0.6,1.5,4.2,12.8,-3.2,31.6,25,0,28.5,99,279,19,447,105,128,200,31,444,468,322,44,37,374,12,20,15,227,117,310,13,122,310,38,127,460,75,19,29,87,2,107.1,108.3,108.3,112.7,113.9,113.9,-5.6,-5.6,-5.6,0.087,1.06,12.9,0.106,0.232,0.17,12.2,12.3,0.624,0.661,0.163,0.165,100.01,98.96,82.47,98.96,0.138,3847,4.7,7.7,290,265,265,414,450,450,388,385,385,345,411,358,36,38,28,423,429,42,32,316,333,390,464,464,47,128,200,22,2020-21
1629633,Jarrett Culver,Jarrett,1610612750,MIN,22.0,34,7,27,0.206,14.7,2.0,4.9,0.411,0.4,1.6,0.245,0.9,1.4,0.604,1.0,2.1,3.1,0.7,0.8,0.5,0.3,0.5,1.7,1.2,5.3,-3.9,11.5,1,0,11.0,360,445,163,508,373,350,317,381,372,352,424,292,247,456,144,333,293,409,293,312,297,174,244,264,355,481,370,178,29,368,1,100.5,99.0,99.0,109.2,109.7,109.7,-8.7,-10.7,-10.7,0.079,0.86,9.9,0.059,0.132,0.094,11.5,11.6,0.449,0.476,0.179,0.185,103.18,103.72,86.44,103.72,0.057,1071,2.0,4.9,463,471,471,237,257,257,448,472,472,385,463,455,128,254,206,382,389,451,463,245,247,136,109,109,452,350,317,23,2020-21
1629750,Javonte Green,Javonte,1610612741,CHI,27.0,41,19,22,0.463,11.6,1.3,2.5,0.52,0.2,0.7,0.333,0.7,1.0,0.75,0.6,1.1,1.7,0.4,0.5,0.7,0.1,0.1,1.1,0.8,3.6,0.4,8.3,0,0,7.6,310,298,245,309,418,426,455,89,408,422,281,331,328,297,252,454,417,475,419,214,401,460,405,365,430,193,431,245,29,432,2,110.8,109.0,109.0,108.7,107.2,107.2,2.1,1.8,1.8,0.048,0.89,11.0,0.056,0.1,0.077,12.3,12.2,0.569,0.61,0.122,0.128,99.68,101.22,84.35,101.22,0.069,999,1.3,2.5,165,246,246,204,143,143,161,178,178,493,458,419,136,383,278,427,425,130,100,474,472,416,281,281,390,426,455,31,2020-21
1629637,Jaxson Hayes,Jaxson,1610612740,NOP,21.0,60,24,36,0.4,16.1,2.9,4.7,0.625,0.1,0.2,0.429,1.6,2.0,0.775,1.5,2.8,4.3,0.6,0.7,0.4,0.6,0.3,1.7,1.6,7.5,-0.4,16.0,0,0,14.6,140,223,45,382,351,253,336,25,441,479,35,167,161,265,76,250,172,429,363,363,116,267,257,192,266,261,284,245,29,299,1,104.4,104.6,104.6,105.0,105.5,105.5,-0.6,-0.9,-0.9,0.057,0.9,8.6,0.087,0.161,0.124,9.6,9.6,0.636,0.675,0.156,0.16,103.9,103.55,86.29,103.55,0.123,2078,2.9,4.7,387,378,378,78,96,96,257,264,264,478,457,477,64,150,96,264,265,33,21,354,356,96,117,117,79,253,336,31,2020-21
1630206,Jay Scrubb,Jay,1610612746,LAC,20.0,4,2,2,0.5,21.0,3.5,9.0,0.389,0.5,2.3,0.222,1.3,1.3,1.0,0.5,3.0,3.5,0.3,1.8,1.0,0.0,1.0,1.3,1.5,8.8,0.5,14.6,0,0,15.0,519,501,515,251,246,197,159,433,342,279,435,207,276,1,303,204,233,496,92,87,495,28,371,208,218,187,315,245,29,291,1,113.6,112.8,112.8,112.6,115.6,115.6,0.9,-2.8,-2.8,0.015,0.14,2.2,0.022,0.14,0.079,15.2,15.2,0.417,0.458,0.217,0.227,101.34,100.35,83.63,100.35,0.051,179,3.5,9.0,94,125,125,412,498,498,199,311,311,529,521,529,345,231,274,497,496,484,485,120,110,278,349,349,474,197,159,47,2020-21
1629121,Jaylen Adams,Jaylen,1610612749,MIL,25.0,7,5,2,0.714,2.6,0.1,1.1,0.125,0.0,0.3,0.0,0.0,0.0,0.0,0.0,0.4,0.4,0.3,0.0,0.0,0.0,0.0,0.1,0.0,0.3,-1.7,1.2,0,0,1.0,501,465,515,43,536,532,519,531,480,472,480,521,523,521,518,520,528,494,530,511,495,503,526,527,533,371,531,245,29,532,1,73.2,69.0,69.0,110.3,100.0,100.0,-37.2,-31.0,-31.0,0.2,0.0,20.0,0.0,0.143,0.067,0.0,0.0,0.125,0.125,0.178,0.192,101.72,109.93,91.61,109.93,-0.017,42,0.1,1.1,535,536,536,306,33,33,532,530,530,106,524,145,518,221,345,1,1,531,534,251,214,247,13,13,529,532,519,46,2020-21
1627759,Jaylen Brown,Jaylen,1610612738,BOS,24.0,58,30,28,0.517,34.5,9.3,19.2,0.484,2.8,7.1,0.397,3.3,4.3,0.764,1.2,4.8,6.0,3.4,2.7,1.2,0.6,1.1,2.9,4.1,24.7,1.2,39.5,10,0,40.4,157,143,143,241,20,13,11,150,27,29,111,41,39,287,117,67,77,99,35,34,138,20,26,39,20,142,32,57,29,26,1,111.6,113.5,113.5,110.5,111.8,111.8,1.1,1.8,1.8,0.162,1.23,12.4,0.035,0.136,0.085,10.1,10.0,0.558,0.586,0.29,0.295,101.61,100.17,83.48,100.17,0.129,4169,9.3,19.2,145,110,110,317,365,365,194,183,183,149,374,374,237,241,241,302,298,159,172,22,24,259,357,357,63,13,11,36,2020-21
1629658,Jaylen Hoard,Jaylen,1610612760,OKC,22.0,19,1,18,0.053,16.8,2.3,4.6,0.5,0.0,0.6,0.0,1.5,2.2,0.683,1.1,2.3,3.4,1.3,0.9,0.7,0.3,0.7,1.0,1.4,6.1,-3.3,14.1,0,0,12.7,440,515,329,530,334,316,338,120,480,437,480,177,147,396,130,296,250,292,268,212,298,77,419,233,324,462,324,245,29,338,1,101.3,99.9,99.9,109.8,108.9,108.9,-8.5,-9.1,-9.1,0.11,1.41,16.2,0.061,0.128,0.095,11.5,11.6,0.5,0.547,0.156,0.162,103.39,104.6,87.16,104.6,0.093,697,2.3,4.6,447,463,463,271,217,217,445,450,450,263,330,254,121,272,202,379,386,350,308,353,348,123,78,78,228,316,338,22,2020-21
1629669,Jaylen Nowell,Jaylen,1610612750,MIN,21.0,42,10,32,0.238,18.1,3.4,8.0,0.424,1.2,3.6,0.333,1.1,1.3,0.818,0.5,1.8,2.3,1.5,0.7,0.5,0.3,0.4,1.7,1.0,9.0,-2.4,15.7,0,0,15.6,303,411,88,494,305,212,189,339,186,176,281,237,268,173,338,364,368,257,350,302,270,236,241,302,212,420,287,245,29,278,1,104.5,104.5,104.5,111.0,111.1,111.1,-6.5,-6.6,-6.6,0.13,2.21,13.9,0.022,0.098,0.058,6.3,6.2,0.499,0.528,0.206,0.214,103.83,103.74,86.45,103.74,0.081,1645,3.4,8.0,384,380,380,343,332,332,409,412,412,221,137,327,346,396,403,65,64,362,370,148,146,100,107,107,309,212,189,23,2020-21
1628369,Jayson Tatum,Jayson,1610612738,BOS,23.0,64,34,30,0.531,35.8,9.5,20.6,0.459,2.9,7.6,0.386,4.6,5.3,0.868,0.8,6.6,7.4,4.3,2.7,1.2,0.5,1.0,1.9,4.2,26.4,2.5,44.1,15,1,44.4,89,100,115,223,10,10,3,221,21,20,144,23,29,90,206,27,38,67,38,46,161,36,193,35,11,81,19,30,17,16,1,113.8,114.8,114.8,111.3,111.8,111.8,2.5,3.0,3.0,0.196,1.61,14.5,0.021,0.188,0.102,9.0,8.9,0.53,0.576,0.298,0.307,100.44,99.74,83.12,99.74,0.152,4767,9.5,20.6,84,68,68,357,369,369,151,139,139,113,282,307,354,89,174,210,209,252,197,16,17,362,399,399,30,10,3,36,2020-21
201145,Jeff Green,Jeff,1610612751,BKN,34.0,68,44,24,0.647,27.0,3.8,7.8,0.492,1.5,3.7,0.412,1.8,2.4,0.776,0.5,3.4,3.9,1.6,0.8,0.5,0.4,0.3,1.8,1.9,11.0,1.7,20.0,0,0,19.9,47,25,216,110,149,172,192,140,142,171,59,125,125,261,303,167,208,243,305,300,201,266,223,155,164,120,204,245,29,195,1,115.7,116.1,116.1,111.7,112.8,112.8,4.0,3.3,3.3,0.08,2.0,14.1,0.019,0.116,0.07,7.1,7.1,0.59,0.624,0.154,0.156,102.29,101.65,84.71,101.65,0.083,3880,3.8,7.8,52,47,47,375,409,409,116,128,128,372,185,317,373,315,317,93,94,88,73,365,371,201,249,249,298,172,192,48,2020-21
201952,Jeff Teague,Jeff,1610612749,MIL,33.0,55,27,28,0.491,17.3,2.2,5.2,0.433,0.7,1.5,0.439,1.6,1.9,0.848,0.3,1.3,1.6,2.4,1.2,0.6,0.2,0.3,1.0,1.4,6.7,1.0,13.6,0,0,13.1,189,189,143,275,322,329,311,309,307,360,29,155,181,125,435,424,431,143,178,251,332,285,418,228,297,150,331,245,29,329,2,113.4,113.0,113.0,111.8,110.3,110.3,1.6,2.8,2.8,0.182,2.06,25.0,0.016,0.074,0.046,12.1,12.2,0.496,0.562,0.174,0.178,101.05,101.9,84.92,101.9,0.079,2017,2.2,5.2,100,119,119,380,284,284,175,145,145,125,174,72,426,491,492,415,417,366,249,268,269,307,234,234,319,329,311,46,2020-21
203924,Jerami Grant,Jerami,1610612765,DET,27.0,54,15,39,0.278,33.9,7.4,17.3,0.429,2.1,6.1,0.35,5.4,6.4,0.845,0.6,4.0,4.6,2.8,2.0,0.6,1.1,1.1,2.3,4.7,22.3,-2.2,35.2,3,0,35.3,196,344,29,477,30,41,30,323,69,56,232,12,16,130,245,119,150,127,67,233,41,19,98,25,29,409,57,115,29,47,1,106.3,108.3,108.3,110.6,111.5,111.5,-4.3,-3.2,-3.2,0.145,1.39,11.3,0.018,0.118,0.067,8.1,8.1,0.491,0.556,0.278,0.282,100.59,99.21,82.68,99.21,0.114,3783,7.4,17.3,323,264,264,322,349,349,351,325,325,186,333,410,390,297,344,155,158,382,263,37,37,345,444,444,112,41,30,20,2020-21
1629725,Jeremiah Martin,Jeremiah,1610612739,CLE,25.0,9,0,9,0.0,8.4,1.0,3.7,0.273,0.3,1.3,0.25,0.1,0.6,0.2,0.2,0.6,0.8,0.4,0.7,0.6,0.2,0.6,0.1,0.4,2.4,-2.9,5.7,0,0,5.6,491,531,441,531,464,460,399,516,381,372,410,512,439,520,462,512,508,465,350,290,330,132,531,459,471,446,472,245,29,470,1,94.8,100.6,100.6,118.8,117.3,117.3,-24.0,-16.7,-16.7,0.091,0.67,8.9,0.021,0.065,0.04,13.3,13.3,0.318,0.313,0.22,0.223,102.12,99.64,83.03,99.64,0.01,156,1.0,3.7,510,451,451,523,520,520,521,506,506,325,488,470,358,513,513,463,462,516,522,111,122,214,412,412,524,460,399,22,2020-21
203087,Jeremy Lamb,Jeremy,1610612754,IND,29.0,36,16,20,0.444,21.3,3.3,7.7,0.435,1.4,3.6,0.406,2.0,2.1,0.947,0.7,2.9,3.6,1.5,0.6,0.9,0.6,0.3,2.0,2.1,10.1,-0.4,20.8,0,0,19.8,346,331,284,330,242,214,198,301,155,179,78,113,154,25,233,214,222,258,374,101,113,288,169,129,183,266,192,245,29,197,1,111.9,113.0,113.0,112.4,113.3,113.3,-0.5,-0.3,-0.3,0.094,2.41,13.8,0.032,0.137,0.084,5.7,5.7,0.529,0.587,0.18,0.184,103.2,102.29,85.24,102.29,0.098,1627,3.3,7.7,136,124,124,403,427,427,253,242,242,317,105,329,254,237,245,47,47,255,166,242,250,134,201,201,187,214,198,34,2020-21
1629010,Jerome Robinson,Jerome,1610612764,WAS,24.0,17,5,12,0.294,17.9,1.6,5.6,0.295,0.6,2.5,0.262,0.9,1.2,0.8,0.2,2.0,2.2,1.5,1.1,0.7,0.4,0.3,1.8,1.2,4.9,-5.9,11.8,0,0,11.4,452,465,405,461,309,392,297,514,308,255,401,268,287,212,454,340,370,259,195,198,230,305,216,260,376,520,362,245,29,359,1,99.1,100.0,100.0,114.0,113.1,113.1,-14.9,-13.1,-13.1,0.114,1.32,17.1,0.011,0.105,0.056,13.0,12.9,0.353,0.4,0.161,0.166,104.89,104.83,87.36,104.83,0.031,660,1.6,5.6,475,458,458,461,422,422,501,488,488,249,361,225,484,362,420,451,449,508,508,329,330,52,67,67,511,392,297,34,2020-21
1628975,Jevon Carter,Jevon,1610612756,PHX,25.0,60,42,18,0.7,11.9,1.6,3.7,0.422,0.9,2.5,0.371,0.1,0.1,0.571,0.3,1.3,1.5,1.2,0.3,0.5,0.2,0.1,0.9,0.3,4.1,0.5,9.4,1,0,9.1,140,36,329,54,417,403,394,347,241,249,179,519,519,473,438,432,440,308,485,326,395,462,438,500,403,184,404,178,29,411,1,111.3,110.9,110.9,107.4,107.6,107.6,3.9,3.3,3.3,0.136,4.44,22.8,0.022,0.107,0.063,5.1,5.1,0.547,0.548,0.146,0.151,99.75,99.79,83.16,99.79,0.075,1482,1.6,3.7,155,174,174,139,160,160,117,127,127,204,9,102,351,348,366,33,33,196,300,392,392,413,394,394,346,403,394,51,2020-21
202710,Jimmy Butler III,Jimmy,1610612748,MIA,31.0,52,33,19,0.635,33.6,7.0,14.2,0.497,0.5,2.0,0.245,6.9,8.0,0.863,1.8,5.1,6.9,7.1,2.1,2.1,0.3,0.8,1.4,6.0,21.5,3.8,45.6,17,4,40.8,215,107,306,123,36,51,58,133,353,313,425,3,5,99,53,55,51,13,61,1,234,62,351,6,33,48,14,24,10,25,1,111.0,112.1,112.1,105.5,106.9,106.9,5.5,5.2,5.2,0.345,3.39,26.5,0.056,0.153,0.105,7.8,7.8,0.514,0.607,0.259,0.264,98.88,97.73,81.44,97.73,0.184,3557,7.0,14.2,164,146,146,86,131,131,84,88,88,13,30,54,137,184,160,131,131,305,106,46,46,467,515,515,7,51,58,40,2020-21
203925,Joe Harris,Joe,1610612751,BKN,29.0,69,45,24,0.652,31.0,5.2,10.2,0.505,3.1,6.4,0.475,0.7,0.9,0.778,0.6,3.0,3.6,1.9,0.9,0.7,0.2,0.4,2.0,1.1,14.1,5.1,23.0,0,0,24.4,32,19,216,106,82,105,116,114,16,38,12,341,341,254,255,211,228,197,267,218,341,207,158,287,103,22,156,245,29,126,1,117.4,117.4,117.4,110.2,110.6,110.6,7.2,6.9,6.9,0.081,2.1,14.1,0.021,0.09,0.057,6.7,6.7,0.654,0.663,0.157,0.161,102.23,102.03,85.02,102.03,0.085,4569,5.2,10.2,19,25,25,297,300,300,59,61,61,365,167,320,356,435,406,81,82,19,29,346,351,203,219,219,278,105,116,48,2020-21
204060,Joe Ingles,Joe,1610612762,UTA,33.0,67,47,20,0.701,27.9,4.1,8.4,0.489,2.7,6.1,0.451,1.1,1.3,0.844,0.4,3.2,3.6,4.7,1.7,0.7,0.2,0.2,1.8,1.6,12.1,6.8,24.4,2,0,24.9,58,11,284,53,132,159,175,143,31,58,21,229,263,133,359,180,220,54,93,217,370,388,226,185,143,9,141,146,29,121,1,116.4,116.7,116.7,104.8,104.9,104.9,11.6,11.8,11.8,0.238,2.72,30.7,0.014,0.108,0.063,11.3,11.3,0.652,0.672,0.162,0.166,101.24,101.08,84.23,101.08,0.112,3926,4.1,8.4,41,39,39,72,87,87,23,20,20,69,69,27,446,345,372,368,367,22,22,326,331,291,296,296,125,159,175,52,2020-21
203954,Joel Embiid,Joel,1610612755,PHI,27.0,51,39,12,0.765,31.1,9.0,17.6,0.513,1.1,3.0,0.377,9.2,10.7,0.859,2.2,8.4,10.6,2.8,3.1,1.0,1.4,0.9,2.4,7.4,28.5,7.9,49.3,31,0,47.7,226,56,405,17,80,16,24,100,197,210,162,1,1,101,33,10,12,125,20,94,15,49,80,2,4,8,6,15,29,7,1,117.0,117.8,117.8,104.3,105.8,105.8,12.6,12.0,12.0,0.156,0.91,10.0,0.078,0.254,0.172,11.0,11.0,0.545,0.636,0.352,0.358,101.83,100.79,83.99,100.79,0.203,3331,9.0,17.6,31,21,21,68,104,104,17,19,19,161,455,448,82,24,25,354,356,205,56,2,3,233,313,313,3,16,24,49,2020-21
1628381,John Collins,John,1610612737,ATL,23.0,63,34,29,0.54,29.3,6.8,12.2,0.556,1.3,3.3,0.399,2.7,3.2,0.833,1.9,5.5,7.4,1.2,1.3,0.5,1.0,0.8,3.1,3.1,17.6,2.9,31.7,16,0,30.7,99,100,129,211,111,55,90,60,167,193,101,64,71,145,49,43,36,300,148,297,47,58,19,62,60,63,73,26,29,71,1,115.8,116.0,116.0,110.9,111.7,111.7,5.0,4.3,4.3,0.065,0.93,7.7,0.064,0.183,0.125,8.2,8.2,0.61,0.645,0.214,0.22,100.43,99.99,83.33,99.99,0.125,3858,6.8,12.2,49,49,49,336,360,360,95,110,110,445,452,498,112,98,94,163,161,56,44,130,131,363,376,376,68,55,90,41,2020-21
1629723,John Konchar,John,1610612763,MEM,25.0,43,23,20,0.535,13.4,1.6,3.2,0.5,0.5,1.3,0.375,0.6,0.7,0.833,0.8,2.2,3.0,1.1,0.4,0.7,0.2,0.3,0.9,0.6,4.3,0.4,11.8,0,0,10.7,297,234,284,218,391,398,426,120,349,376,167,378,396,145,196,316,300,322,433,205,338,323,440,414,400,201,363,245,29,372,1,110.3,110.6,110.6,108.7,108.6,108.6,1.6,2.1,2.1,0.111,2.61,21.6,0.057,0.161,0.107,8.3,8.3,0.576,0.608,0.124,0.126,100.98,100.85,84.04,100.85,0.098,1204,1.6,3.2,186,183,183,201,196,196,176,174,174,258,83,124,132,153,151,164,168,108,104,470,476,313,310,310,189,398,426,38,2020-21
202322,John Wall,John,1610612745,HOU,30.0,40,12,28,0.3,32.2,7.3,18.2,0.404,2.0,6.2,0.317,4.0,5.3,0.749,0.4,2.8,3.2,6.9,3.5,1.1,0.8,1.1,1.2,4.3,20.6,-4.2,36.7,7,1,36.3,320,388,143,458,59,43,18,403,82,51,319,32,31,312,348,241,270,16,8,73,85,22,388,33,38,489,48,70,17,39,1,104.7,106.1,106.1,110.3,111.8,111.8,-5.6,-5.7,-5.7,0.365,1.95,22.3,0.012,0.084,0.047,11.4,11.4,0.458,0.503,0.316,0.32,102.83,101.42,84.51,101.42,0.114,2717,7.3,18.2,379,336,336,302,370,370,387,391,391,11,207,109,472,458,485,375,375,444,424,10,10,155,260,260,115,43,18,17,2020-21
202685,Jonas Valančiūnas,Jonas,1610612763,MEM,29.0,62,32,30,0.516,28.3,7.1,12.0,0.592,0.3,0.9,0.368,2.5,3.3,0.773,4.1,8.4,12.5,1.8,1.6,0.6,0.9,0.9,2.9,3.1,17.1,2.2,37.6,49,0,34.7,116,115,115,242,127,49,94,42,380,409,184,75,69,269,2,8,3,208,112,284,64,45,27,67,66,94,40,3,29,51,1,111.8,112.8,112.8,108.6,108.9,108.9,3.1,3.8,3.8,0.097,1.12,10.7,0.134,0.289,0.21,9.6,9.6,0.606,0.636,0.217,0.221,102.59,101.97,84.98,101.97,0.163,3725,7.1,12.0,141,128,128,199,219,219,137,120,120,308,392,426,11,11,8,259,262,62,58,126,128,176,224,224,19,49,94,38,2020-21
1629007,Jontay Porter,Jontay,1610612763,MEM,21.0,11,7,4,0.636,4.9,0.7,1.4,0.533,0.3,0.7,0.375,0.3,0.5,0.6,0.4,0.9,1.3,0.1,0.6,0.3,0.1,0.0,1.1,0.2,2.0,0.1,4.1,0,0,4.4,479,445,492,120,507,490,509,76,403,423,167,473,465,457,387,470,466,526,365,435,445,503,407,515,488,225,504,245,29,496,1,95.8,93.0,93.0,94.4,92.2,92.2,1.4,0.9,0.9,0.033,0.14,4.0,0.065,0.149,0.109,28.0,27.8,0.633,0.64,0.182,0.192,99.57,102.24,85.2,102.24,0.067,115,0.7,1.4,506,509,509,18,15,15,182,204,204,516,521,522,108,202,141,531,531,36,49,232,211,424,206,206,400,490,509,38,2020-21
1628395,Jordan Bell,Jordan,1610612744,GSW,26.0,6,3,3,0.5,13.6,1.2,3.7,0.318,0.0,0.3,0.0,0.2,0.3,0.5,1.2,2.8,4.0,1.2,0.7,0.5,0.8,0.5,1.2,0.7,2.5,-5.3,12.4,0,0,10.3,506,482,502,251,389,439,399,506,480,463,480,498,485,488,123,235,192,313,350,312,75,155,384,398,466,515,352,245,29,381,2,95.3,95.2,95.2,112.8,112.3,112.3,-17.5,-17.0,-17.0,0.13,1.75,20.6,0.069,0.189,0.126,11.8,11.8,0.318,0.328,0.14,0.142,99.08,99.36,82.8,99.36,0.068,168,1.2,3.7,508,500,500,421,389,389,510,509,509,222,253,138,98,86,90,396,400,516,519,418,425,457,433,433,395,439,399,39,2020-21
1629648,Jordan Bone,Jordan,1610612753,ORL,23.0,14,2,12,0.143,14.0,1.6,3.9,0.426,0.7,2.3,0.313,0.0,0.0,0.0,0.3,1.4,1.7,1.3,0.2,0.1,0.0,0.0,0.8,0.2,4.0,-4.2,8.2,0,0,8.0,463,501,405,524,382,393,383,332,289,277,331,521,523,521,430,410,420,286,506,480,495,503,464,512,412,492,432,245,29,425,1,97.8,98.3,98.3,114.3,112.6,112.6,-16.5,-14.3,-14.3,0.143,6.0,24.0,0.018,0.102,0.057,4.0,4.0,0.519,0.519,0.121,0.124,100.96,101.46,84.55,101.46,0.067,414,1.6,3.9,492,479,479,468,401,401,504,497,497,189,5,83,397,373,413,19,19,292,392,475,479,316,256,256,403,393,383,21,2020-21
203903,Jordan Clarkson,Jordan,1610612762,UTA,29.0,68,49,19,0.721,26.7,6.7,15.8,0.425,3.1,8.8,0.347,1.9,2.1,0.896,0.7,3.3,4.0,2.5,1.7,0.9,0.1,0.6,1.6,1.9,18.4,4.4,28.4,0,0,30.0,47,6,306,36,155,57,43,333,15,6,242,117,150,54,235,173,190,141,100,123,399,128,278,155,57,32,97,245,29,76,1,114.9,115.8,115.8,107.5,108.0,108.0,7.5,7.8,7.8,0.149,1.46,11.9,0.025,0.117,0.072,8.2,8.1,0.522,0.549,0.286,0.294,101.47,100.87,84.06,100.87,0.115,3821,6.7,15.8,65,52,52,143,172,172,53,46,46,180,320,391,315,307,309,159,156,279,296,27,26,267,307,307,104,57,43,52,2020-21
1629162,Jordan McLaughlin,Jordan,1610612750,MIN,25.0,51,15,36,0.294,18.4,2.0,4.7,0.413,0.6,1.8,0.359,0.5,0.6,0.767,0.4,1.7,2.1,3.8,1.0,1.0,0.1,0.5,0.9,1.0,5.0,-2.6,15.6,0,0,13.8,226,344,45,461,300,357,330,374,308,328,214,417,430,282,352,380,382,77,227,87,423,174,456,324,370,433,292,245,29,314,1,101.7,102.6,102.6,108.9,108.8,108.8,-7.2,-6.3,-6.3,0.292,3.78,38.6,0.02,0.09,0.053,10.2,10.2,0.481,0.502,0.133,0.136,103.86,103.41,86.18,103.41,0.095,2018,2.0,4.7,438,421,421,218,213,213,424,400,400,38,19,7,372,438,446,310,314,407,425,446,443,99,123,123,208,357,330,23,2020-21
1629670,Jordan Nwora,Jordan,1610612749,MIL,22.0,30,19,11,0.633,9.1,2.1,4.5,0.459,0.9,2.1,0.452,0.6,0.8,0.76,0.3,1.7,2.0,0.2,0.8,0.6,0.3,0.5,0.7,0.6,5.7,-0.1,10.2,2,0,10.5,385,298,422,124,454,345,341,220,241,296,19,359,364,289,421,381,393,503,300,282,292,179,470,433,332,241,391,146,29,375,1,109.5,106.8,106.8,105.9,107.1,107.1,3.6,-0.3,-0.3,0.04,0.29,3.9,0.033,0.162,0.103,13.5,13.6,0.563,0.586,0.254,0.263,105.18,105.88,88.24,105.88,0.113,603,2.1,4.5,213,312,312,100,141,141,128,243,243,508,514,523,245,147,171,469,473,145,171,52,48,44,44,44,121,345,341,46,2020-21
1629673,Jordan Poole,Jordan,1610612744,GSW,22.0,51,28,23,0.549,19.4,4.0,9.3,0.432,1.9,5.4,0.351,2.1,2.3,0.882,0.3,1.5,1.8,1.9,1.0,0.5,0.2,0.3,1.7,2.0,12.0,0.6,18.1,0,0,19.0,226,177,233,203,275,162,148,311,95,80,223,105,129,69,427,397,413,186,227,307,371,267,255,138,144,179,238,245,29,209,1,107.0,107.6,107.6,107.1,106.9,106.9,-0.1,0.7,0.7,0.161,1.94,14.8,0.015,0.074,0.044,7.6,7.5,0.535,0.581,0.246,0.254,102.16,101.94,84.95,101.94,0.101,2105,4.0,9.3,296,285,285,129,132,132,235,211,211,150,210,299,444,493,499,118,113,236,185,63,60,210,229,229,165,162,148,39,2020-21
1630182,Josh Green,Josh,1610612742,DAL,20.0,39,20,19,0.513,11.4,1.1,2.4,0.452,0.1,0.6,0.16,0.3,0.6,0.565,0.7,1.3,2.0,0.7,0.4,0.4,0.1,0.2,0.9,0.6,2.6,0.4,7.1,0,0,6.4,326,279,306,244,420,452,461,239,440,429,465,456,429,476,225,429,393,405,430,368,457,394,446,408,463,194,449,245,29,453,1,107.4,106.7,106.7,104.2,104.7,104.7,3.2,1.9,1.9,0.083,1.65,19.0,0.059,0.11,0.084,11.6,11.5,0.473,0.49,0.112,0.117,100.34,100.45,83.71,100.45,0.057,930,1.1,2.4,284,317,317,64,83,83,136,177,177,356,272,171,129,338,248,386,381,425,443,505,500,368,338,338,453,452,461,42,2020-21
1630221,Josh Hall,Josh,1610612760,OKC,20.0,21,2,19,0.095,16.0,1.4,4.7,0.303,0.2,1.8,0.108,1.0,2.1,0.5,0.3,2.5,2.8,1.3,1.2,0.2,0.0,0.5,1.8,1.3,4.1,-4.8,9.0,1,0,8.9,429,501,306,528,355,415,333,509,417,334,476,239,153,488,430,270,313,276,171,474,478,171,233,244,409,503,423,178,29,414,1,101.2,100.7,100.7,114.4,113.9,113.9,-13.2,-13.2,-13.2,0.118,1.12,16.3,0.016,0.151,0.081,14.5,14.6,0.323,0.363,0.174,0.178,104.44,104.93,87.44,104.93,0.015,733,1.4,4.7,451,449,449,469,449,449,489,490,490,242,392,249,420,191,266,491,491,515,514,267,267,76,62,62,522,415,333,22,2020-21
1628404,Josh Hart,Josh,1610612740,NOP,26.0,47,21,26,0.447,28.7,3.2,7.3,0.439,1.3,4.1,0.326,1.5,1.9,0.775,1.1,6.9,8.0,2.3,1.0,0.8,0.3,0.5,2.4,1.4,9.2,0.0,24.5,7,0,23.0,256,264,181,327,121,227,216,284,163,147,304,178,182,263,128,21,28,152,211,152,305,144,87,220,204,230,137,70,29,149,1,110.7,111.9,111.9,111.3,112.1,112.1,-0.6,-0.2,-0.2,0.109,2.22,20.2,0.039,0.234,0.138,9.1,9.1,0.531,0.566,0.133,0.136,102.11,101.19,84.33,101.19,0.1,2847,3.2,7.3,170,151,151,356,381,381,256,237,237,266,136,142,212,37,69,226,224,250,234,447,445,215,284,284,170,227,216,31,2020-21
1628367,Josh Jackson,Josh,1610612765,DET,24.0,62,16,46,0.258,25.2,4.8,11.4,0.419,1.2,4.1,0.3,2.6,3.5,0.729,0.9,3.2,4.1,2.3,2.3,0.9,0.8,1.1,2.9,2.7,13.4,-2.0,24.3,2,0,24.2,116,331,9,485,178,121,97,362,176,143,355,73,60,338,169,191,184,153,47,135,88,13,28,82,117,393,142,146,29,130,1,103.4,104.9,104.9,107.4,108.3,108.3,-4.0,-3.4,-3.4,0.15,1.01,13.2,0.035,0.123,0.079,13.1,13.1,0.473,0.516,0.254,0.26,101.81,100.67,83.89,100.67,0.08,3267,4.8,11.4,405,368,368,141,192,192,345,331,331,179,423,352,234,284,276,455,452,424,399,53,54,236,322,322,313,121,97,20,2020-21
1629006,Josh Okogie,Josh,1610612750,MIN,22.0,59,21,38,0.356,20.3,1.7,4.3,0.402,0.5,1.8,0.269,1.4,1.8,0.769,1.1,1.6,2.6,1.1,0.7,0.9,0.5,0.4,2.1,1.7,5.4,-3.3,13.6,0,0,12.3,151,264,32,423,259,383,357,407,348,326,395,185,189,280,133,392,326,327,332,114,168,243,147,175,352,461,332,245,29,348,1,106.8,107.7,107.7,112.4,114.3,114.3,-5.6,-6.6,-6.6,0.072,1.47,15.5,0.048,0.079,0.063,10.6,10.6,0.459,0.524,0.119,0.122,104.28,102.94,85.78,102.94,0.045,2556,1.7,4.3,307,280,280,402,464,464,386,411,411,413,319,285,167,480,371,335,335,442,376,484,484,84,155,155,489,383,357,23,2020-21
1626196,Josh Richardson,Josh,1610612742,DAL,27.0,59,35,24,0.593,30.3,4.5,10.5,0.427,1.5,4.5,0.33,1.7,1.8,0.917,0.9,2.4,3.3,2.6,1.3,1.0,0.4,0.4,2.2,1.8,12.1,-0.8,23.0,0,0,22.4,151,94,216,155,93,141,114,328,150,123,296,149,189,37,178,283,263,134,147,77,195,243,125,158,141,298,157,245,29,155,1,112.8,113.5,113.5,112.9,113.7,113.7,-0.1,-0.2,-0.2,0.123,1.94,17.1,0.028,0.079,0.054,8.8,8.8,0.498,0.537,0.181,0.185,98.97,98.27,81.89,98.27,0.073,3647,4.5,10.5,118,107,107,426,444,444,239,240,240,236,211,229,282,478,442,193,194,363,344,238,242,463,498,498,366,141,114,42,2020-21
201950,Jrue Holiday,Jrue,1610612749,MIL,31.0,59,41,18,0.695,32.3,7.0,13.9,0.503,1.9,4.8,0.392,1.8,2.3,0.787,1.2,3.3,4.5,6.1,2.2,1.6,0.6,0.7,1.7,2.0,17.7,6.4,36.9,10,0,34.7,151,43,329,63,57,52,61,119,96,112,121,128,131,243,113,176,156,24,60,7,117,86,265,132,59,12,46,57,29,50,1,116.8,117.9,117.9,108.3,108.8,108.8,8.4,9.2,9.2,0.253,2.81,26.2,0.037,0.093,0.066,9.3,9.3,0.57,0.592,0.217,0.221,104.71,103.99,86.66,103.99,0.124,4131,7.0,13.9,32,20,20,181,208,208,36,34,34,57,62,59,220,421,353,246,243,124,151,124,129,60,99,99,72,52,61,46,2020-21
1629308,Juan Toscano-Anderson,Juan,1610612744,GSW,28.0,53,28,25,0.528,20.9,2.3,3.9,0.579,0.7,1.7,0.402,0.4,0.6,0.71,0.5,3.9,4.4,2.8,1.2,0.8,0.5,0.2,2.1,0.9,5.7,1.8,17.9,0,0,16.2,208,177,201,227,251,322,375,47,293,339,87,434,432,367,289,128,163,126,181,168,156,352,143,344,334,109,247,245,29,263,1,108.8,109.4,109.4,105.2,105.6,105.6,3.6,3.8,3.8,0.181,2.46,34.6,0.026,0.172,0.102,14.1,14.1,0.667,0.676,0.108,0.111,104.6,104.08,86.74,104.08,0.098,2404,2.3,3.9,239,228,228,79,99,99,127,121,121,127,98,15,305,121,175,483,483,16,20,513,515,65,97,97,188,322,375,39,2020-21
1627823,Juancho Hernangomez,Juancho,1610612750,MIN,25.0,52,19,33,0.365,17.3,2.5,5.8,0.435,1.1,3.2,0.327,1.2,1.9,0.619,0.9,3.1,3.9,0.7,0.5,0.4,0.1,0.4,1.0,1.4,7.2,-1.4,13.9,0,0,13.9,215,298,72,418,320,298,286,301,210,199,302,222,185,450,177,199,199,412,401,385,412,249,419,227,274,343,328,245,29,313,1,110.2,110.5,110.5,114.1,115.4,115.4,-3.9,-4.9,-4.9,0.055,1.3,8.7,0.047,0.177,0.11,6.7,6.7,0.527,0.549,0.167,0.172,103.45,102.74,85.62,102.74,0.085,1937,2.5,5.8,188,192,192,464,491,491,339,370,370,482,363,475,174,105,137,80,81,262,298,293,294,119,171,171,283,298,286,23,2020-21
203944,Julius Randle,Julius,1610612752,NYK,26.0,71,40,31,0.563,37.6,8.5,18.6,0.456,2.3,5.5,0.411,4.9,6.0,0.811,1.2,9.0,10.2,6.0,3.4,0.9,0.3,1.0,3.2,5.0,24.1,2.2,45.4,41,6,44.9,12,48,105,188,1,23,15,230,59,76,61,21,19,199,121,7,14,25,13,120,307,33,13,19,23,95,16,8,7,13,1,107.9,109.8,109.8,105.6,106.8,106.8,2.4,3.0,3.0,0.269,1.77,19.7,0.031,0.227,0.131,11.1,11.1,0.516,0.567,0.285,0.291,98.64,97.22,81.02,97.22,0.158,5398,8.5,18.6,274,213,213,90,127,127,155,138,138,50,248,153,263,44,79,361,358,296,230,30,28,482,532,532,25,23,15,41,2020-21
203200,Justin Holiday,Justin,1610612754,IND,32.0,72,34,38,0.472,30.3,3.6,8.7,0.413,2.4,6.3,0.382,0.9,1.2,0.788,0.4,3.1,3.6,1.7,0.8,1.0,0.6,0.2,1.9,1.0,10.5,-0.6,21.3,0,0,21.3,1,100,32,297,94,189,171,375,48,46,151,271,286,241,341,194,229,235,325,82,130,390,202,301,174,287,185,245,29,171,1,109.5,110.5,110.5,109.6,111.2,111.2,-0.1,-0.6,-0.6,0.07,2.2,14.3,0.014,0.098,0.057,6.5,6.5,0.551,0.571,0.138,0.141,104.33,103.14,85.95,103.14,0.065,4684,3.6,8.7,209,188,188,261,334,334,236,258,258,421,138,310,448,394,416,74,73,182,218,427,430,81,141,141,412,189,171,34,2020-21
1628382,Justin Jackson,Justin,1610612749,MIL,26.0,34,12,22,0.353,17.0,2.6,6.5,0.403,1.1,3.4,0.308,0.9,1.1,0.838,0.5,1.8,2.3,1.5,0.9,0.4,0.1,0.2,0.9,1.1,7.2,-1.2,12.8,0,0,13.1,360,388,245,426,331,282,251,404,208,184,340,278,304,144,325,368,367,246,252,348,470,423,436,284,275,335,346,245,29,330,2,102.9,103.8,103.8,107.8,106.8,106.8,-4.8,-3.0,-3.0,0.136,1.63,16.1,0.026,0.1,0.063,9.9,10.0,0.484,0.516,0.195,0.199,103.23,103.26,86.05,103.26,0.077,1239,2.6,6.5,416,393,393,156,128,128,366,321,321,202,277,257,302,381,367,287,292,401,397,173,182,130,131,131,333,282,251,46,2020-21
1629713,Justin James,Justin,1610612758,SAC,24.0,36,15,21,0.417,8.6,1.4,3.1,0.468,0.4,1.1,0.368,0.6,1.0,0.583,0.3,0.6,0.8,0.6,0.4,0.2,0.1,0.3,0.6,0.7,3.9,-1.6,6.3,0,0,6.3,346,344,268,373,461,413,432,201,369,393,184,377,311,466,445,511,504,426,434,456,452,344,485,388,420,362,460,245,29,455,1,102.0,100.3,100.3,109.9,108.8,108.8,-7.9,-8.5,-8.5,0.109,1.47,13.3,0.027,0.067,0.046,9.1,9.2,0.532,0.548,0.192,0.198,102.86,104.29,86.91,104.29,0.066,675,1.4,3.1,433,455,455,277,207,207,433,440,440,264,316,346,294,510,489,227,235,246,301,189,188,153,88,88,407,413,432,31,2020-21
1628383,Justin Patton,Justin,1610612745,HOU,24.0,13,1,12,0.077,19.0,2.2,5.4,0.414,0.7,2.6,0.265,0.2,0.3,0.75,1.1,2.7,3.8,1.1,0.3,0.9,1.1,0.3,2.6,0.7,5.4,-6.2,17.2,0,0,14.9,467,515,405,529,290,331,303,372,296,239,397,486,491,297,132,253,213,325,467,111,40,286,51,389,347,524,258,245,29,292,1,99.6,100.8,100.8,114.4,114.9,114.9,-14.8,-14.1,-14.1,0.084,3.5,15.6,0.047,0.142,0.09,4.4,4.5,0.479,0.488,0.128,0.129,103.29,102.51,85.43,102.51,0.065,524,2.2,5.4,471,447,447,473,483,483,499,494,494,354,26,281,169,227,222,21,21,413,449,460,470,128,187,187,411,331,303,17,2020-21
1629620,Justin Robinson,Justin,1610612760,OKC,23.0,9,0,9,0.0,9.7,0.8,2.3,0.333,0.4,1.6,0.286,0.3,0.6,0.6,0.1,0.7,0.8,1.0,0.2,0.3,0.0,0.0,1.1,1.0,2.3,-5.0,5.5,0,0,5.2,491,531,441,531,442,485,465,494,357,353,369,456,439,457,505,498,508,341,502,396,495,503,399,309,476,508,476,245,29,479,1,97.9,97.9,97.9,124.7,119.9,119.9,-26.8,-22.0,-22.0,0.15,4.5,27.3,0.011,0.067,0.038,6.1,5.8,0.429,0.453,0.111,0.119,101.64,103.67,86.39,103.67,0.033,188,0.8,2.3,490,485,485,534,529,529,525,520,520,177,8,45,491,507,522,56,50,471,486,509,493,255,115,115,508,485,465,22,2020-21
1626159,Justise Winslow,Justise,1610612763,MEM,25.0,26,13,13,0.5,19.5,2.8,8.1,0.352,0.4,2.1,0.185,0.8,1.3,0.571,0.7,3.8,4.5,1.9,1.4,0.6,0.5,0.2,1.8,1.2,6.8,-3.0,16.9,1,0,15.8,406,371,391,251,272,261,186,487,370,295,457,318,262,473,234,131,157,188,136,276,171,367,221,272,291,449,269,178,29,271,1,101.0,101.0,101.0,107.4,107.1,107.1,-6.5,-6.1,-6.1,0.14,1.35,15.9,0.032,0.187,0.108,11.8,11.8,0.376,0.395,0.212,0.217,104.68,104.84,87.37,104.84,0.06,1103,2.8,8.1,455,445,445,142,140,140,408,398,398,197,348,262,256,91,148,401,404,504,509,133,139,62,66,66,441,261,186,38,2020-21
203994,Jusuf Nurkić,Jusuf,1610612757,POR,26.0,37,22,15,0.595,23.8,4.6,9.0,0.514,0.3,0.8,0.4,1.9,3.1,0.619,2.3,6.6,9.0,3.4,2.0,1.0,1.1,0.8,2.8,3.2,11.5,3.4,31.6,13,0,28.3,338,252,372,152,199,133,159,98,387,416,93,118,84,448,29,26,18,98,72,83,43,61,31,56,150,53,74,35,29,88,1,114.3,115.0,115.0,107.6,108.2,108.2,6.7,6.9,6.9,0.206,1.71,21.6,0.094,0.283,0.186,12.6,12.6,0.532,0.554,0.217,0.223,102.8,102.21,85.17,102.21,0.134,1872,4.6,9.0,74,61,61,149,183,183,65,62,62,101,261,119,55,13,16,443,442,246,276,123,123,157,209,209,50,133,159,42,2020-21
1629752,Juwan Morgan,Juwan,1610612762,UTA,24.0,29,24,5,0.828,5.1,0.5,1.0,0.467,0.1,0.4,0.308,0.1,0.2,0.429,0.3,0.7,1.0,0.3,0.1,0.1,0.0,0.1,0.7,0.2,1.2,-3.7,3.2,0,0,3.0,395,223,481,9,503,511,521,209,430,457,340,514,508,511,415,501,494,491,522,484,485,483,473,513,514,475,517,245,29,519,1,93.3,90.0,90.0,125.1,124.1,124.1,-31.8,-34.1,-34.1,0.101,2.25,19.6,0.051,0.133,0.088,8.7,8.7,0.533,0.529,0.102,0.109,102.21,104.42,87.01,104.42,0.044,321,0.5,1.0,515,515,515,535,535,535,530,533,533,286,129,157,155,250,227,186,189,241,368,519,517,204,84,84,491,511,521,52,2020-21
1630231,KJ Martin,KJ,1610612745,HOU,20.0,45,10,35,0.222,23.7,3.6,7.1,0.509,0.8,2.1,0.365,1.3,1.9,0.714,1.6,3.8,5.4,1.1,0.8,0.7,0.9,0.6,2.0,1.3,9.3,-6.3,21.3,4,0,19.7,279,411,52,500,200,187,227,106,271,288,199,190,184,356,68,138,105,328,283,218,65,132,178,252,202,526,186,105,29,199,1,104.6,105.5,105.5,116.4,117.0,117.0,-11.7,-11.5,-11.5,0.068,1.26,10.9,0.063,0.159,0.108,8.6,8.6,0.564,0.59,0.154,0.156,103.38,102.71,85.59,102.71,0.09,2275,3.6,7.1,380,350,350,511,519,519,474,479,479,432,367,422,117,159,142,178,183,141,156,366,370,124,177,177,248,187,227,17,2020-21
1629644,KZ Okpala,KZ,1610612748,MIA,22.0,37,22,15,0.595,12.1,1.0,2.6,0.375,0.3,1.4,0.24,0.2,0.4,0.533,0.6,1.3,1.8,0.5,0.4,0.3,0.3,0.2,1.6,0.5,2.5,-1.8,6.8,0,0,6.3,338,252,372,152,415,469,453,455,387,370,427,490,473,483,280,431,411,443,436,438,263,353,289,457,468,382,451,245,29,456,1,103.8,102.8,102.8,110.5,109.7,109.7,-6.7,-6.8,-6.8,0.06,1.27,14.0,0.047,0.104,0.075,11.0,11.0,0.438,0.448,0.115,0.119,97.66,98.48,82.07,98.48,0.024,915,1.0,2.6,392,413,413,318,258,258,412,418,418,468,366,323,170,366,290,355,352,460,490,496,494,515,486,486,516,469,453,40,2020-21
1630211,Karim Mane,Karim,1610612753,ORL,21.0,10,2,8,0.2,8.8,0.3,1.3,0.231,0.1,0.2,0.5,0.4,0.5,0.8,0.1,1.3,1.4,0.4,0.3,0.0,0.2,0.7,1.0,0.3,1.1,-2.2,3.7,0,0,3.4,485,501,454,509,458,518,512,525,441,484,5,439,453,212,508,425,454,477,472,511,342,80,419,492,517,411,510,245,29,512,1,97.9,99.5,99.5,108.9,111.5,111.5,-11.0,-12.0,-12.0,0.061,1.33,18.2,0.01,0.151,0.073,13.6,13.5,0.269,0.362,0.085,0.088,101.4,99.46,82.88,99.46,0.017,183,0.3,1.3,488,468,468,223,346,346,470,481,481,465,350,199,499,189,300,474,471,523,515,534,534,273,425,425,521,518,512,21,2020-21
1626157,Karl-Anthony Towns,Karl-Anthony,1610612750,MIN,25.0,50,19,31,0.38,33.8,8.5,17.5,0.486,2.4,6.3,0.387,5.3,6.2,0.859,2.7,7.9,10.6,4.5,3.2,0.8,1.1,1.0,3.7,5.6,24.8,0.2,46.8,33,0,46.1,238,298,105,406,31,22,25,146,45,45,140,13,18,103,16,12,11,58,18,165,32,25,4,8,19,211,9,11,29,9,1,112.5,114.6,114.6,112.9,114.7,114.7,-0.4,-0.1,-0.1,0.216,1.41,16.2,0.075,0.237,0.154,11.5,11.5,0.555,0.612,0.286,0.292,103.51,101.77,84.81,101.77,0.155,3588,8.5,17.5,127,72,72,427,477,477,246,234,234,89,331,256,88,32,50,381,378,172,95,25,27,113,241,241,26,22,25,23,2020-21
202695,Kawhi Leonard,Kawhi,1610612746,LAC,30.0,52,36,16,0.692,34.1,8.9,17.5,0.512,1.9,4.9,0.398,5.0,5.7,0.885,1.1,5.4,6.5,5.2,2.0,1.6,0.4,0.5,1.6,4.5,24.8,8.6,44.2,9,0,42.4,215,82,360,64,26,19,27,102,87,106,107,20,24,67,134,47,67,47,66,12,197,139,296,30,18,5,18,61,29,20,1,120.5,121.4,121.4,107.5,109.2,109.2,13.0,12.2,12.2,0.238,2.56,19.2,0.034,0.161,0.099,7.5,7.4,0.568,0.622,0.282,0.289,98.62,97.48,81.23,97.48,0.17,3603,8.9,17.5,6,4,4,147,234,234,16,18,18,68,88,168,244,151,186,107,106,134,76,34,33,483,526,526,13,19,27,47,2020-21
1628966,Keita Bates-Diop,Keita,1610612759,SAS,25.0,30,13,17,0.433,8.2,1.0,2.2,0.448,0.2,0.6,0.294,0.5,0.7,0.667,0.3,1.3,1.6,0.4,0.2,0.4,0.2,0.3,0.4,0.6,2.6,-1.2,6.6,0,0,5.9,385,371,346,345,467,460,472,253,421,440,359,412,395,407,421,421,429,477,495,383,382,333,516,422,460,334,454,245,29,463,1,105.1,103.8,103.8,112.7,111.5,111.5,-7.6,-7.7,-7.7,0.075,1.71,12.6,0.037,0.154,0.097,7.4,7.3,0.485,0.518,0.144,0.15,101.69,102.89,85.75,102.89,0.088,526,1.0,2.2,370,392,392,415,345,345,429,433,433,402,260,367,227,180,194,101,101,398,393,404,395,249,164,164,267,460,472,33,2020-21
1629103,Kelan Martin,Kelan,1610612754,IND,25.0,35,16,19,0.457,9.2,1.8,3.9,0.449,0.7,1.7,0.4,0.3,0.3,0.9,0.5,1.7,2.2,0.5,0.5,0.3,0.3,0.2,1.0,0.4,4.5,2.7,9.1,0,0,9.0,354,331,306,314,451,380,376,248,299,341,93,477,497,49,301,378,371,453,423,423,270,370,419,478,391,73,415,245,29,413,1,113.6,115.3,115.3,99.9,99.7,99.7,13.8,15.6,15.6,0.071,1.06,9.7,0.052,0.159,0.108,9.1,9.1,0.536,0.551,0.199,0.204,103.6,102.9,85.75,102.9,0.099,685,1.8,3.9,91,56,56,28,32,32,13,12,12,414,409,457,152,158,145,233,233,231,288,164,164,109,163,163,173,380,376,34,2020-21
1629640,Keldon Johnson,Keldon,1610612759,SAS,21.0,69,32,37,0.464,28.5,4.9,10.2,0.479,0.9,2.6,0.331,2.1,2.8,0.74,1.3,4.6,6.0,1.8,1.1,0.6,0.3,1.0,2.1,2.1,12.8,-2.5,24.2,8,0,23.2,32,115,37,305,123,113,118,167,251,237,292,99,95,320,97,70,80,216,189,273,233,39,153,122,128,425,143,64,29,147,1,108.9,110.0,110.0,113.1,113.8,113.8,-4.2,-3.8,-3.8,0.087,1.55,12.3,0.045,0.163,0.103,7.9,7.9,0.522,0.557,0.189,0.192,100.86,100.04,83.36,100.04,0.091,4093,4.9,10.2,228,205,205,435,446,446,348,339,339,348,300,383,181,143,170,139,140,277,260,204,215,320,371,371,240,113,118,33,2020-21
1629833,Keljin Blevins,Keljin,1610612757,POR,25.0,17,11,6,0.647,4.4,0.3,1.2,0.25,0.1,0.5,0.25,0.0,0.0,0.0,0.2,0.4,0.6,0.2,0.3,0.1,0.0,0.2,0.5,0.0,0.7,-2.2,1.8,0,0,1.9,452,398,475,110,515,520,517,517,437,453,410,521,523,521,483,521,519,501,476,490,495,361,503,527,528,410,529,245,29,530,1,88.4,85.2,85.2,109.3,107.5,107.5,-20.9,-22.2,-22.2,0.083,0.8,13.8,0.031,0.071,0.052,17.2,17.2,0.3,0.3,0.126,0.135,109.18,112.13,93.44,112.13,-0.005,176,0.3,1.2,524,525,525,242,157,157,516,521,521,356,469,332,261,497,455,515,516,520,525,465,450,10,8,8,526,520,517,42,2020-21
203482,Kelly Olynyk,Kelly,1610612745,HOU,30.0,70,26,44,0.371,28.5,4.8,10.0,0.484,1.8,5.3,0.342,2.1,2.5,0.829,1.2,5.7,7.0,2.9,1.8,1.1,0.6,0.4,3.0,2.6,13.5,-1.4,29.6,12,0,28.6,21,201,15,411,122,118,130,155,107,85,254,102,112,156,110,38,50,123,86,58,124,195,20,87,111,347,86,44,29,83,2,109.5,110.7,110.7,112.5,113.2,113.2,-3.0,-2.5,-2.5,0.151,1.61,18.5,0.043,0.196,0.12,11.5,11.4,0.574,0.61,0.19,0.194,101.83,101.02,84.18,101.02,0.112,4205,4.8,10.0,212,182,182,408,425,425,324,308,308,174,283,186,195,74,109,377,377,117,99,196,203,234,301,301,127,118,130,17,2020-21
1626162,Kelly Oubre Jr.,Kelly,1610612744,GSW,25.0,55,27,28,0.491,30.7,5.8,13.2,0.439,1.6,5.2,0.316,2.2,3.2,0.695,1.5,4.5,6.0,1.3,1.3,1.0,0.8,1.0,2.2,2.8,15.4,-3.5,28.7,6,0,28.0,189,189,143,275,89,81,69,282,130,91,322,94,74,384,81,81,78,278,156,76,87,37,126,74,82,465,94,77,29,94,1,104.4,105.2,105.2,108.8,109.8,109.8,-4.4,-4.6,-4.6,0.067,1.04,7.8,0.046,0.135,0.091,7.4,7.4,0.501,0.529,0.215,0.219,105.46,104.57,87.14,104.57,0.09,3667,5.8,13.2,386,359,359,208,264,264,354,366,366,436,416,497,179,246,220,104,104,349,366,128,133,40,79,79,243,81,69,39,2020-21
202689,Kemba Walker,Kemba,1610612760,OKC,31.0,43,22,21,0.512,31.8,6.6,15.7,0.42,3.0,8.2,0.36,3.1,3.5,0.899,0.4,3.6,4.0,4.9,2.0,1.1,0.3,1.1,1.4,3.8,19.3,2.2,33.6,0,0,33.9,297,252,268,246,67,60,45,354,20,15,211,51,63,51,382,153,198,49,65,60,277,12,340,42,50,93,61,245,29,55,1,113.2,114.5,114.5,110.9,111.4,111.4,2.2,3.1,3.1,0.233,2.41,20.5,0.012,0.113,0.062,8.5,8.4,0.514,0.559,0.256,0.263,100.26,99.45,82.87,99.45,0.123,2839,6.6,15.7,103,74,74,338,339,339,159,134,134,73,105,140,482,326,377,171,172,306,256,48,49,372,426,426,81,60,45,22,2020-21
1629134,Kendrick Nunn,Kendrick,1610612748,MIA,25.0,56,31,25,0.554,29.5,5.7,11.8,0.485,2.2,5.7,0.381,1.0,1.1,0.933,0.4,2.8,3.2,2.6,1.4,0.9,0.3,0.6,1.9,1.0,14.6,-0.1,24.5,0,0,24.9,180,130,201,198,108,85,95,149,63,65,155,246,307,31,380,236,275,132,133,106,308,105,187,309,94,244,138,245,29,119,1,110.3,111.1,111.1,109.6,111.6,111.6,0.7,-0.4,-0.4,0.14,1.85,16.2,0.013,0.096,0.055,8.8,8.8,0.578,0.596,0.205,0.209,98.68,97.49,81.24,97.49,0.095,3355,5.7,11.8,180,170,170,262,353,353,211,253,253,196,230,253,456,404,427,191,191,105,145,149,153,480,525,525,211,85,95,40,2020-21
1629026,Kenrich Williams,Kenrich,1610612760,OKC,26.0,66,21,45,0.318,21.6,3.3,6.2,0.533,0.8,1.8,0.444,0.5,1.0,0.571,1.3,2.9,4.1,2.3,1.2,0.8,0.3,0.4,2.2,1.2,8.0,-2.7,18.5,0,0,17.4,70,264,11,446,234,217,263,78,269,333,27,385,332,473,104,229,180,154,180,140,304,239,130,257,245,436,229,245,29,238,1,104.8,104.8,104.8,110.7,111.1,111.1,-5.9,-6.3,-6.3,0.153,2.0,22.8,0.056,0.129,0.092,11.4,11.4,0.596,0.599,0.148,0.151,103.45,103.22,86.01,103.22,0.09,3073,3.3,6.2,376,371,371,328,333,333,395,404,404,171,185,100,135,268,215,373,374,75,128,385,390,116,134,134,241,217,263,22,2020-21
203145,Kent Bazemore,Kent,1610612744,GSW,31.0,67,35,32,0.522,19.9,2.6,5.9,0.449,1.1,2.7,0.408,0.8,1.2,0.692,0.4,3.0,3.4,1.6,1.2,1.0,0.5,0.2,2.4,1.5,7.2,2.5,17.0,1,0,16.4,58,94,88,234,264,280,282,250,200,231,75,306,291,387,371,202,251,240,166,80,155,388,88,212,278,84,263,178,29,258,1,110.3,110.5,110.5,103.8,104.6,104.6,6.5,5.9,5.9,0.108,1.32,17.5,0.019,0.14,0.081,13.3,13.3,0.545,0.564,0.159,0.163,104.28,103.77,86.48,103.77,0.075,2881,2.6,5.9,184,191,191,57,75,75,66,80,80,268,360,215,377,230,262,462,464,209,242,341,340,85,105,105,347,280,282,39,2020-21
203484,Kentavious Caldwell-Pope,Kentavious,1610612747,LAL,28.0,67,39,28,0.582,28.4,3.3,7.6,0.431,1.8,4.4,0.41,1.4,1.7,0.866,0.4,2.3,2.7,1.9,1.0,0.9,0.4,0.3,1.7,1.5,9.7,2.1,18.8,1,0,18.7,58,56,143,164,125,223,205,321,109,135,69,180,213,96,359,300,321,194,243,108,204,278,248,212,189,104,226,178,29,214,1,109.2,110.5,110.5,105.9,107.3,107.3,3.2,3.3,3.3,0.091,1.92,17.2,0.015,0.081,0.048,8.9,8.8,0.549,0.588,0.139,0.143,100.76,99.5,82.91,99.5,0.07,3947,3.3,7.6,223,190,190,101,146,146,134,131,131,324,213,223,443,469,477,207,198,187,164,421,424,334,420,420,385,223,205,42,2020-21
201142,Kevin Durant,Kevin,1610612751,BKN,32.0,35,23,12,0.657,33.1,9.3,17.2,0.537,2.4,5.4,0.45,6.0,6.8,0.882,0.4,6.7,7.1,5.6,3.4,0.7,1.3,0.7,2.0,5.3,26.9,8.0,46.3,12,0,46.0,354,234,405,95,46,14,31,74,46,81,23,10,12,69,383,24,49,36,12,193,18,78,169,14,9,7,11,44,29,11,1,121.8,121.7,121.7,109.4,111.1,111.1,12.5,10.7,10.7,0.252,1.63,19.1,0.012,0.18,0.105,11.8,11.7,0.608,0.666,0.303,0.31,103.79,103.03,85.86,103.03,0.172,2489,9.3,17.2,4,3,3,244,329,329,18,24,24,59,277,170,465,102,157,399,395,59,26,14,14,102,148,148,12,14,31,48,2020-21
1628989,Kevin Huerter,Kevin,1610612737,ATL,22.0,69,40,29,0.58,30.8,4.6,10.6,0.432,2.0,5.6,0.363,0.7,0.9,0.781,0.6,2.8,3.3,3.5,1.1,1.2,0.3,0.4,2.4,0.8,11.9,1.0,24.4,3,0,23.7,32,48,129,168,86,137,112,314,73,66,206,332,338,252,287,243,260,91,185,42,301,217,83,378,145,149,140,115,29,136,1,112.8,113.2,113.2,110.8,111.6,111.6,2.0,1.7,1.7,0.161,3.05,22.4,0.017,0.09,0.053,7.3,7.3,0.528,0.541,0.167,0.171,100.05,99.5,82.92,99.5,0.077,4406,4.6,10.6,119,117,117,334,355,355,164,184,184,153,42,108,402,437,443,99,100,257,327,291,301,387,419,419,335,137,112,41,2020-21
1628995,Kevin Knox II,Kevin,1610612752,NYK,21.0,42,26,16,0.619,11.1,1.3,3.4,0.392,0.8,2.1,0.393,0.4,0.5,0.8,0.2,1.2,1.5,0.5,0.4,0.3,0.1,0.1,0.9,0.4,3.9,-0.8,7.2,0,0,7.5,303,201,360,132,423,421,413,430,261,291,119,447,459,212,450,438,449,462,437,423,402,445,450,463,419,299,448,245,29,437,1,102.0,101.1,101.1,104.9,104.7,104.7,-2.9,-3.5,-3.5,0.064,1.12,10.2,0.02,0.101,0.06,9.1,9.1,0.514,0.537,0.152,0.159,98.86,99.38,82.82,99.38,0.065,962,1.3,3.4,434,442,442,77,81,81,320,334,334,449,394,443,371,379,387,227,223,307,346,372,358,469,432,432,414,421,413,41,2020-21
201567,Kevin Love,Kevin,1610612739,CLE,32.0,25,7,18,0.28,24.9,4.1,10.1,0.409,2.3,6.2,0.365,1.7,2.0,0.824,0.7,6.8,7.4,2.5,1.5,0.6,0.1,0.5,1.0,1.4,12.2,-2.9,25.5,5,0,25.9,415,445,329,476,180,157,124,387,57,50,196,147,158,165,238,22,35,138,125,237,455,170,413,239,140,445,124,90,29,108,1,106.7,107.0,107.0,113.9,113.4,113.4,-7.2,-6.5,-6.5,0.153,1.66,16.9,0.026,0.272,0.147,10.2,10.1,0.522,0.556,0.211,0.219,100.47,100.57,83.81,100.57,0.123,1309,4.1,10.1,313,306,306,459,431,431,425,406,406,173,270,232,303,16,59,308,306,281,269,136,134,357,329,329,76,157,124,22,2020-21
1629645,Kevin Porter Jr.,Kevin,1610612745,HOU,21.0,26,4,22,0.154,32.1,6.0,14.1,0.425,1.9,6.2,0.311,2.7,3.6,0.734,0.8,3.0,3.8,6.3,3.5,0.7,0.3,1.0,2.3,3.0,16.6,-8.6,30.2,4,0,30.7,406,474,245,522,61,72,59,334,93,53,335,68,57,329,208,201,210,20,9,183,258,28,91,71,69,534,79,105,29,70,1,106.2,107.3,107.3,119.0,119.9,119.9,-12.8,-12.6,-12.6,0.293,1.8,24.7,0.022,0.098,0.058,13.7,13.7,0.493,0.528,0.247,0.25,103.63,102.69,85.58,102.69,0.086,1788,6.0,14.1,332,297,297,524,528,528,486,483,483,36,242,78,343,395,404,477,478,373,369,60,66,108,179,179,276,72,59,17,2020-21
1626172,Kevon Looney,Kevon,1610612744,GSW,25.0,61,34,27,0.557,19.0,1.8,3.2,0.548,0.1,0.3,0.235,0.5,0.8,0.646,1.9,3.4,5.3,2.0,0.6,0.3,0.4,0.2,2.2,0.8,4.1,2.1,14.9,0,0,12.8,124,100,163,192,289,381,424,65,458,473,430,396,374,428,45,168,110,183,376,394,225,369,119,368,405,98,309,245,29,335,1,112.9,112.1,112.1,105.7,106.1,106.1,7.2,6.0,6.0,0.132,3.22,31.7,0.098,0.165,0.132,9.9,9.9,0.558,0.575,0.092,0.095,102.16,102.37,85.31,102.37,0.08,2467,1.8,3.2,110,147,147,92,109,109,58,76,76,216,36,19,46,137,77,282,286,157,202,529,530,209,193,193,316,381,424,39,2020-21
203920,Khem Birch,Khem,1610612761,TOR,28.0,67,23,44,0.343,22.8,2.8,5.7,0.497,0.2,0.8,0.25,1.4,1.9,0.705,2.6,3.2,5.8,1.3,0.7,0.7,0.7,0.4,1.7,1.5,7.2,-1.9,19.8,6,0,17.4,58,234,15,432,213,267,293,132,416,419,410,189,178,373,18,190,85,277,360,192,91,192,254,212,277,388,209,77,29,234,2,105.7,106.1,106.1,109.2,109.7,109.7,-3.5,-3.6,-3.6,0.085,2.02,15.6,0.101,0.138,0.119,7.7,7.7,0.514,0.552,0.133,0.136,100.13,99.71,83.09,99.71,0.089,3171,2.8,5.7,351,335,335,240,261,261,332,336,336,353,181,280,42,234,111,120,126,303,286,445,448,381,404,404,250,267,293,27,2020-21
203114,Khris Middleton,Khris,1610612749,MIL,29.0,68,45,23,0.662,33.4,7.5,15.8,0.476,2.2,5.4,0.414,3.1,3.5,0.898,0.8,5.2,6.0,5.4,2.6,1.1,0.1,0.8,2.4,2.7,20.4,4.3,36.7,10,0,36.4,47,19,233,91,41,39,44,182,60,83,56,50,62,52,201,51,81,37,41,66,414,71,89,80,40,36,47,57,29,38,1,115.4,116.7,116.7,110.0,110.5,110.5,5.4,6.2,6.2,0.227,2.08,21.6,0.023,0.143,0.085,10.4,10.3,0.546,0.588,0.245,0.251,104.37,103.55,86.29,103.55,0.123,4887,7.5,15.8,55,38,38,286,295,295,87,72,72,79,171,121,330,220,243,322,321,202,165,64,65,79,118,118,77,39,44,46,2020-21
1629017,Khyri Thomas,Khyri,1610612745,HOU,25.0,5,1,4,0.2,30.6,6.4,13.2,0.485,1.8,5.4,0.333,1.8,1.8,1.0,1.4,2.2,3.6,5.0,1.2,1.8,1.2,0.2,1.6,1.4,16.4,2.8,36.0,0,0,32.8,512,515,492,509,91,66,67,147,107,81,281,129,198,1,90,311,226,48,169,3,24,396,285,224,72,68,50,245,29,62,1,123.0,124.3,124.3,117.8,116.9,116.9,5.3,7.3,7.3,0.21,4.17,24.8,0.047,0.072,0.06,5.9,5.9,0.553,0.586,0.208,0.211,106.36,106.24,88.54,106.24,0.107,334,6.4,13.2,2,2,2,519,518,518,90,52,52,93,12,77,172,496,395,53,54,180,169,143,151,31,38,38,147,66,67,17,2020-21
1630165,Killian Hayes,Killian,1610612765,DET,19.0,26,6,20,0.231,25.8,2.7,7.7,0.353,0.8,2.8,0.278,0.5,0.7,0.824,0.2,2.4,2.7,5.3,3.2,1.0,0.4,0.5,2.2,1.2,6.8,-5.0,19.0,0,0,18.3,406,456,284,495,167,273,196,485,272,226,383,386,407,165,457,286,325,43,19,75,207,185,128,272,296,508,219,245,29,221,1,100.0,100.6,100.6,108.4,110.7,110.7,-8.4,-10.1,-10.1,0.299,1.66,32.2,0.009,0.092,0.05,19.3,19.3,0.403,0.422,0.185,0.189,101.5,100.12,83.44,100.12,0.053,1403,2.7,7.7,469,450,450,185,309,309,441,461,461,34,268,18,506,424,460,524,523,497,500,218,230,264,362,362,464,273,196,20,2020-21
1629681,Killian Tillie,Killian,1610612763,MEM,23.0,18,11,7,0.611,10.1,1.1,3.2,0.333,0.6,1.8,0.303,0.5,0.6,0.818,0.3,1.0,1.3,0.4,0.1,0.3,0.4,0.2,1.1,0.4,3.2,2.2,7.5,0,0,6.9,443,398,466,137,435,456,430,494,330,323,349,397,420,173,398,456,462,465,525,430,181,427,399,459,438,92,443,245,29,445,1,109.3,107.2,107.2,97.2,97.7,97.7,12.1,9.6,9.6,0.063,4.0,11.1,0.031,0.082,0.059,2.8,2.8,0.421,0.461,0.148,0.153,101.29,102.06,85.05,102.06,0.047,388,1.1,3.2,219,299,299,22,24,24,19,28,28,458,14,416,260,467,401,14,14,481,479,383,382,284,218,218,483,456,430,38,2020-21
1630184,Kira Lewis Jr.,Kira,1610612740,NOP,20.0,54,23,31,0.426,16.7,2.4,6.2,0.386,0.7,2.2,0.333,0.8,0.9,0.843,0.2,1.1,1.3,2.3,0.6,0.7,0.2,0.5,1.6,0.9,6.4,0.4,13.4,0,0,12.5,196,234,105,358,336,307,260,440,282,282,281,308,333,136,462,455,465,155,367,201,361,169,274,343,317,196,334,245,29,345,1,108.7,108.9,108.9,108.1,108.1,108.1,0.6,0.8,0.8,0.191,3.65,24.0,0.012,0.064,0.037,6.6,6.6,0.445,0.477,0.176,0.18,102.75,102.61,85.51,102.61,0.064,1937,2.4,6.2,243,249,249,170,180,180,215,209,209,116,21,85,471,515,523,75,75,454,461,260,261,161,182,182,417,307,260,31,2020-21
1628961,Kostas Antetokounmpo,Kostas,1610612747,LAL,23.0,15,6,9,0.4,3.7,0.2,0.7,0.3,0.0,0.0,0.0,0.4,0.9,0.462,0.3,1.0,1.3,0.1,0.7,0.1,0.3,0.3,0.5,0.6,0.8,1.8,2.9,0,0,2.9,458,456,441,382,525,526,531,513,480,522,480,439,358,505,438,456,467,527,331,485,292,333,501,422,526,112,521,245,29,520,1,103.0,105.4,105.4,89.1,83.3,83.3,13.9,22.1,22.1,0.023,0.09,3.6,0.059,0.211,0.137,39.3,39.7,0.3,0.382,0.172,0.175,110.26,112.65,93.88,112.65,0.005,130,0.2,0.7,414,353,353,8,5,5,12,5,5,525,523,524,126,56,70,537,537,520,512,272,279,5,7,7,525,526,531,42,2020-21
1627739,Kris Dunn,Kris,1610612737,ATL,27.0,4,1,3,0.25,11.4,0.3,3.0,0.083,0.0,0.5,0.0,0.8,1.0,0.75,0.0,1.5,1.5,0.5,0.8,0.5,0.5,0.5,2.5,1.0,1.3,-7.8,6.1,0,0,5.3,519,515,502,486,421,523,435,534,480,446,480,323,311,297,518,398,443,444,325,312,149,155,71,309,512,532,465,245,29,478,1,87.9,86.3,86.3,116.5,117.7,117.7,-28.6,-31.4,-31.4,0.08,0.67,10.5,0.0,0.125,0.064,15.8,16.0,0.083,0.182,0.157,0.165,100.59,100.95,84.12,100.95,-0.06,95,0.3,3.0,527,521,521,513,521,521,528,531,531,373,488,431,518,281,363,501,505,534,531,347,332,346,303,303,534,523,435,41,2020-21
204001,Kristaps Porziņģis,Kristaps,1610612742,DAL,25.0,43,26,17,0.605,30.9,7.6,15.9,0.476,2.3,6.0,0.376,2.7,3.2,0.855,1.9,7.0,8.9,1.6,1.2,0.5,1.3,0.7,2.7,3.5,20.1,0.2,37.4,16,0,36.4,297,201,346,142,85,38,42,181,58,60,163,61,76,114,46,19,22,244,173,336,16,73,42,47,43,213,42,26,29,37,1,114.7,116.0,116.0,115.4,115.3,115.3,-0.7,0.7,0.7,0.081,1.33,7.9,0.062,0.219,0.141,5.9,5.9,0.547,0.582,0.259,0.264,99.47,98.93,82.44,98.93,0.135,2729,7.6,15.9,69,48,48,497,490,490,260,210,210,366,350,493,120,50,62,52,53,197,184,45,47,428,465,465,49,38,42,42,2020-21
203937,Kyle Anderson,Kyle,1610612763,MEM,27.0,69,36,33,0.522,27.4,4.5,9.5,0.468,1.4,3.8,0.36,2.1,2.7,0.783,0.8,5.0,5.7,3.6,1.2,1.2,0.8,0.5,1.7,1.9,12.4,0.7,29.6,3,0,27.2,32,82,72,235,141,142,140,203,158,163,210,100,104,249,215,61,90,83,163,38,76,183,237,148,135,169,88,115,29,100,1,109.9,110.3,110.3,108.0,108.7,108.7,1.9,1.6,1.6,0.182,2.91,23.2,0.026,0.173,0.099,8.0,8.0,0.54,0.578,0.181,0.185,102.85,102.34,85.28,102.34,0.121,4018,4.5,9.5,197,199,199,162,202,202,167,185,185,126,55,94,309,118,189,148,150,219,193,235,246,154,196,196,86,142,140,38,2020-21
1629657,Kyle Guy,Kyle,1610612758,SAC,23.0,31,11,20,0.355,7.6,0.9,2.8,0.33,0.4,1.5,0.283,0.5,0.6,0.8,0.2,1.0,1.1,1.0,0.4,0.2,0.0,0.2,0.6,0.8,2.8,-0.5,5.9,0,0,5.8,378,398,284,424,472,471,445,503,364,361,379,395,412,212,488,464,471,336,451,473,495,430,483,374,456,273,467,245,29,465,1,108.0,107.4,107.4,116.4,111.5,111.5,-8.4,-4.2,-4.2,0.184,2.91,22.9,0.019,0.128,0.071,7.9,7.9,0.403,0.449,0.185,0.191,102.42,104.91,87.42,104.91,0.062,517,0.9,2.8,272,294,294,512,351,351,442,350,350,122,54,97,378,271,316,134,138,496,488,216,221,187,63,63,434,471,445,31,2020-21
1628398,Kyle Kuzma,Kyle,1610612747,LAL,25.0,68,40,28,0.588,28.7,4.9,11.1,0.443,2.0,5.6,0.361,1.0,1.4,0.691,1.6,4.5,6.1,1.9,1.7,0.5,0.6,0.4,1.8,1.4,12.9,0.0,24.7,13,0,25.1,47,48,143,156,120,111,103,268,77,67,208,257,246,390,72,76,72,199,103,305,123,256,229,237,126,237,132,35,29,118,1,104.1,104.8,104.8,104.9,105.4,105.4,-0.8,-0.6,-0.6,0.1,1.12,12.2,0.054,0.157,0.105,10.9,10.9,0.533,0.546,0.198,0.203,100.37,99.72,83.1,99.72,0.097,4070,4.9,11.1,390,370,370,76,95,95,264,257,257,289,390,384,146,166,159,348,348,243,314,166,170,367,403,403,193,111,103,42,2020-21
200768,Kyle Lowry,Kyle,1610612761,TOR,35.0,46,15,31,0.326,34.8,5.7,13.0,0.436,2.8,7.2,0.396,3.0,3.5,0.875,0.8,4.6,5.4,7.3,2.7,1.0,0.3,0.5,3.1,4.3,17.2,-0.1,35.8,9,2,35.3,268,344,105,442,17,88,74,297,24,28,112,54,61,77,212,73,107,11,33,96,259,136,14,34,63,245,52,61,13,48,1,111.4,112.6,112.6,111.4,113.0,113.0,0.0,-0.3,-0.3,0.311,2.68,30.0,0.021,0.133,0.075,11.2,11.1,0.546,0.593,0.209,0.213,102.62,101.38,84.48,101.38,0.115,3385,5.7,13.0,152,131,131,361,417,417,234,245,245,27,74,30,357,252,291,366,362,201,148,142,150,174,265,265,101,88,74,27,2020-21
202681,Kyrie Irving,Kyrie,1610612751,BKN,29.0,54,36,18,0.667,34.9,10.2,20.1,0.506,2.8,7.0,0.402,3.7,4.0,0.922,1.0,3.8,4.8,6.0,2.4,1.4,0.7,1.0,2.6,3.4,26.9,4.2,45.5,8,0,44.6,196,82,329,79,15,5,6,113,26,30,88,34,45,35,154,137,139,26,44,21,102,26,59,48,10,38,15,64,29,15,1,118.4,119.4,119.4,112.1,113.8,113.8,6.3,5.6,5.6,0.269,2.49,19.9,0.029,0.101,0.067,8.0,7.9,0.576,0.614,0.297,0.302,102.29,101.13,84.28,101.13,0.149,3976,10.2,20.1,9,11,11,391,445,445,71,84,84,49,95,148,275,376,342,147,147,113,89,17,18,200,291,291,34,5,6,48,2020-21
200746,LaMarcus Aldridge,LaMarcus,1610612751,BKN,35.0,26,15,11,0.577,25.9,5.4,11.4,0.473,1.2,3.1,0.388,1.6,1.8,0.872,0.7,3.8,4.5,1.9,1.0,0.4,1.1,0.3,1.8,1.5,13.5,-1.3,25.4,1,0,24.2,406,344,422,173,161,101,99,186,184,208,137,164,195,80,221,134,157,196,213,361,34,261,221,208,110,340,127,178,29,129,2,109.7,110.6,110.6,113.0,113.4,113.4,-3.4,-2.8,-2.8,0.109,1.81,12.4,0.027,0.148,0.087,6.9,6.9,0.525,0.556,0.224,0.228,100.48,99.89,83.24,99.89,0.099,1406,5.4,11.4,202,184,184,433,432,432,327,313,313,267,239,376,290,206,235,85,86,266,266,102,109,356,388,388,175,101,99,48,2020-21
1630163,LaMelo Ball,LaMelo,1610612766,CHA,19.0,51,23,28,0.451,28.8,5.7,13.2,0.436,1.8,5.1,0.352,2.5,3.2,0.758,1.2,4.7,5.9,6.1,2.8,1.6,0.4,0.6,2.7,3.1,15.7,-1.6,35.0,7,1,33.5,226,234,143,323,118,82,68,299,106,92,221,77,73,293,114,69,82,22,30,11,230,96,44,65,78,370,60,70,17,58,1,108.1,108.7,108.7,112.1,111.8,111.8,-4.0,-3.1,-3.1,0.322,2.16,26.1,0.041,0.161,0.1,12.1,12.1,0.504,0.539,0.247,0.252,103.51,103.35,86.12,103.35,0.121,3169,5.7,13.2,268,253,253,389,368,368,346,323,323,24,150,60,205,149,183,412,410,336,339,59,61,112,124,124,87,82,68,33,2020-21
1630205,Lamar Stevens,Lamar,1610612739,CLE,23.0,40,13,27,0.325,12.5,1.6,3.4,0.456,0.1,0.6,0.16,0.9,1.3,0.725,0.6,1.8,2.4,0.6,0.6,0.4,0.3,0.3,1.3,0.9,4.1,-2.9,9.6,1,0,8.8,320,371,163,443,408,405,415,229,441,433,465,273,274,346,267,367,351,423,389,359,248,299,358,352,404,443,400,178,29,417,1,101.5,100.1,100.1,110.1,110.5,110.5,-8.6,-10.4,-10.4,0.079,1.09,12.0,0.044,0.145,0.092,11.1,11.1,0.471,0.521,0.152,0.157,100.03,100.57,83.81,100.57,0.072,1042,1.6,3.4,440,457,457,292,293,293,447,466,466,380,402,390,186,211,214,356,361,428,387,371,366,389,328,328,373,405,415,22,2020-21
1629013,Landry Shamet,Landry,1610612751,BKN,24.0,61,39,22,0.639,23.0,3.0,7.5,0.408,2.1,5.5,0.387,1.1,1.3,0.846,0.2,1.7,1.8,1.6,0.8,0.5,0.2,0.4,1.5,1.1,9.3,0.9,15.2,0,0,16.2,124,56,245,116,210,246,207,389,70,77,139,234,272,127,481,384,412,239,311,309,386,241,309,295,203,155,301,245,29,262,1,115.0,113.6,113.6,111.2,112.4,112.4,3.8,1.1,1.1,0.097,2.06,15.6,0.008,0.067,0.04,7.5,7.5,0.549,0.578,0.164,0.17,101.3,101.34,84.45,101.34,0.063,2972,3.0,7.5,61,105,105,352,395,395,123,194,194,303,174,279,507,508,518,112,112,188,191,313,310,280,267,267,424,246,207,48,2020-21
204038,Langston Galloway,Langston,1610612756,PHX,29.0,40,29,11,0.725,10.9,1.7,3.7,0.449,0.9,2.1,0.424,0.6,0.6,0.957,0.2,0.9,1.1,0.7,0.3,0.2,0.0,0.0,0.6,0.5,4.8,0.9,7.3,0,0,7.8,320,158,422,32,426,391,398,250,246,289,43,382,437,23,485,474,482,418,463,468,495,501,487,441,381,162,445,245,29,431,1,111.3,110.7,110.7,109.0,107.5,107.5,2.3,3.2,3.2,0.08,2.0,13.5,0.017,0.08,0.049,6.7,6.6,0.571,0.605,0.163,0.172,101.28,102.21,85.18,102.21,0.076,934,1.7,3.7,154,181,181,228,158,158,156,133,133,379,185,342,413,475,468,83,78,120,115,318,297,286,208,208,341,391,398,51,2020-21
1626204,Larry Nance Jr.,Larry,1610612739,CLE,28.0,35,13,22,0.371,31.2,3.7,7.8,0.471,1.2,3.3,0.36,0.9,1.4,0.612,1.5,5.2,6.7,3.1,1.6,1.7,0.5,0.3,2.1,1.7,9.3,-3.9,27.1,5,0,24.7,354,371,245,411,78,185,194,196,189,196,212,291,250,455,74,52,57,112,119,4,160,265,154,182,201,483,105,90,29,122,1,100.7,101.7,101.7,107.3,107.4,107.4,-6.6,-5.6,-5.6,0.145,1.95,23.4,0.049,0.169,0.108,12.0,12.1,0.546,0.557,0.139,0.14,98.38,97.85,81.54,97.85,0.104,2220,3.7,7.8,459,435,435,136,152,152,410,389,389,185,209,92,165,129,144,408,412,203,259,422,433,490,507,507,153,185,194,22,2020-21
1628374,Lauri Markkanen,Lauri,1610612741,CHI,24.0,51,20,31,0.392,25.8,4.9,10.2,0.48,2.3,5.8,0.402,1.5,1.8,0.826,0.7,4.6,5.3,0.9,1.0,0.5,0.3,0.5,1.5,1.9,13.6,-0.9,22.6,2,0,23.7,226,279,105,394,164,112,119,165,54,63,89,174,196,162,236,75,112,364,223,307,267,152,323,154,108,315,159,146,29,135,1,106.9,107.1,107.1,108.9,109.9,109.9,-2.0,-2.8,-2.8,0.051,0.87,6.9,0.027,0.173,0.101,7.9,7.9,0.594,0.619,0.197,0.203,101.3,100.78,83.98,100.78,0.11,2780,4.9,10.2,304,302,302,225,267,267,293,314,314,488,462,507,299,117,180,143,142,82,78,169,168,281,315,315,137,112,119,31,2020-21
2544,LeBron James,LeBron,1610612747,LAL,36.0,45,30,15,0.667,33.4,9.4,18.3,0.513,2.3,6.3,0.365,4.0,5.7,0.698,0.6,7.0,7.7,7.8,3.7,1.1,0.6,0.6,1.6,4.6,25.0,6.4,47.0,18,5,46.0,279,143,372,79,40,11,17,101,56,40,197,31,25,380,248,18,33,8,7,70,135,116,302,28,17,13,8,23,9,10,1,111.8,112.4,112.4,102.6,103.2,103.2,9.1,9.2,9.2,0.394,2.08,24.3,0.02,0.202,0.114,11.7,11.6,0.576,0.602,0.31,0.32,100.98,100.41,83.67,100.41,0.191,3145,9.4,18.3,140,137,137,47,61,61,30,35,35,6,169,81,368,67,119,390,385,110,122,11,11,312,343,343,6,11,17,42,2020-21
1629022,Lonnie Walker IV,Lonnie,1610612759,SAS,22.0,60,28,32,0.467,25.4,4.3,10.2,0.42,1.7,4.7,0.355,1.0,1.2,0.814,0.2,2.4,2.6,1.7,1.1,0.5,0.3,0.5,1.7,1.0,11.2,-3.5,17.9,0,0,18.6,140,177,88,303,175,151,121,352,126,118,219,265,290,192,456,292,332,226,200,326,308,190,257,309,160,467,246,245,29,219,1,108.4,109.4,109.4,115.5,115.7,115.7,-7.1,-6.3,-6.3,0.095,1.55,12.6,0.009,0.093,0.05,8.1,8.1,0.502,0.523,0.199,0.203,100.65,100.05,83.37,100.05,0.063,3168,4.3,10.2,255,229,229,500,501,501,422,402,402,314,299,370,504,423,462,154,154,345,382,163,171,342,369,369,429,151,121,33,2020-21
1628366,Lonzo Ball,Lonzo,1610612740,NOP,23.0,55,23,32,0.418,31.8,5.3,12.7,0.414,3.1,8.3,0.378,0.9,1.2,0.781,0.6,4.2,4.8,5.7,2.2,1.5,0.6,0.3,1.9,1.1,14.6,0.9,32.9,5,1,32.3,189,234,88,371,68,103,81,372,14,13,161,279,292,252,267,101,136,34,52,17,132,311,203,281,93,157,66,90,17,64,1,112.8,114.2,114.2,112.3,113.7,113.7,0.6,0.5,0.5,0.246,2.57,27.1,0.018,0.129,0.073,10.5,10.5,0.537,0.551,0.202,0.205,102.06,100.81,84.01,100.81,0.105,3683,5.3,12.7,114,88,88,395,443,443,218,220,220,63,87,49,392,266,304,333,333,229,290,156,163,221,312,312,152,103,81,31,2020-21
101150,Lou Williams,Lou,1610612737,ATL,34.0,66,44,22,0.667,21.6,4.0,9.8,0.41,1.0,2.6,0.399,2.3,2.6,0.867,0.3,1.8,2.1,3.4,1.6,0.7,0.1,0.6,0.9,2.1,11.3,1.2,19.7,2,0,19.5,70,25,245,79,235,163,136,384,212,238,103,92,105,93,412,371,384,95,105,195,445,130,437,126,154,143,213,146,29,201,2,112.8,112.3,112.3,111.1,110.6,110.6,1.6,1.8,1.8,0.233,2.08,21.4,0.015,0.08,0.048,10.3,10.2,0.464,0.519,0.244,0.252,101.23,101.69,84.74,101.69,0.096,3025,4.0,9.8,120,142,142,350,298,298,174,182,182,72,169,126,442,473,480,314,318,438,391,66,63,292,247,247,199,163,136,41,2020-21
1629663,Louis King,Louis,1610612758,SAC,22.0,6,3,3,0.5,14.2,2.8,5.7,0.5,0.7,1.8,0.364,1.0,1.0,1.0,0.8,2.2,3.0,1.5,0.7,1.2,0.5,0.0,1.5,0.8,7.3,-0.5,17.5,0,0,15.8,506,482,502,251,380,263,294,120,301,323,200,246,311,1,189,315,296,250,350,48,149,503,315,363,271,274,255,245,29,270,1,100.1,97.3,97.3,99.3,100.5,100.5,0.8,-3.3,-3.3,0.18,2.25,18.4,0.051,0.135,0.093,8.2,8.1,0.559,0.6,0.191,0.202,102.46,103.26,86.05,103.26,0.148,185,2.8,5.7,467,490,490,24,38,38,206,327,327,128,129,191,159,242,212,157,152,155,126,190,173,186,132,132,36,263,294,31,2020-21
1629652,Luguentz Dort,Luguentz,1610612760,OKC,22.0,52,18,34,0.346,29.7,4.8,12.3,0.387,2.2,6.3,0.343,2.3,3.2,0.744,0.7,2.9,3.6,1.7,1.5,0.9,0.4,0.9,2.6,3.4,14.0,-4.8,23.1,0,0,24.0,215,312,61,429,103,123,89,439,64,42,250,88,80,316,221,223,224,225,126,133,222,43,61,52,104,505,155,245,29,133,1,103.6,104.4,104.4,110.9,111.6,111.6,-7.3,-7.2,-7.2,0.09,1.11,10.1,0.023,0.092,0.057,9.0,9.0,0.475,0.513,0.218,0.222,101.8,101.09,84.24,101.09,0.062,3242,4.8,12.3,399,383,383,342,357,357,426,428,428,331,396,447,338,425,411,218,217,420,405,118,126,239,294,294,430,123,89,22,2020-21
1629029,Luka Dončić,Luka,1610612742,DAL,22.0,66,40,26,0.606,34.3,9.8,20.5,0.479,2.9,8.3,0.35,5.2,7.1,0.73,0.8,7.2,8.0,8.6,4.3,1.0,0.5,0.8,2.3,5.5,27.7,2.5,50.5,26,11,50.2,70,48,181,139,23,8,5,168,22,11,226,15,11,337,193,15,29,6,3,97,141,70,99,10,6,83,5,18,4,5,1,115.8,116.6,116.6,111.9,112.7,112.7,3.8,3.9,3.9,0.425,2.02,23.6,0.024,0.202,0.115,11.7,11.7,0.55,0.587,0.35,0.358,100.07,99.4,82.83,99.4,0.179,4676,9.8,20.5,51,42,42,383,404,404,119,118,118,4,183,90,321,66,118,393,392,186,167,3,2,384,430,430,9,8,5,42,2020-21
1629677,Luka Samanic,Luka,1610612759,SAS,21.0,33,14,19,0.424,9.3,1.4,3.2,0.448,0.4,1.3,0.279,0.5,0.9,0.552,0.5,1.6,2.1,0.5,0.6,0.2,0.2,0.2,1.3,0.7,3.7,-0.6,7.7,0,0,7.5,364,357,306,360,448,416,428,255,374,375,382,404,352,482,319,393,386,461,377,451,313,355,362,398,429,285,439,245,29,435,1,101.5,102.6,102.6,108.4,104.6,104.6,-6.9,-2.0,-2.0,0.073,0.75,9.9,0.049,0.158,0.104,13.2,13.1,0.505,0.518,0.187,0.194,100.26,101.47,84.56,101.47,0.065,648,1.4,3.2,443,418,418,188,76,76,418,293,293,406,477,456,163,165,164,456,455,334,394,209,206,373,255,255,413,416,428,33,2020-21
1628379,Luke Kennard,Luke,1610612746,LAC,25.0,63,44,19,0.698,19.6,3.1,6.6,0.476,1.6,3.6,0.446,0.4,0.5,0.839,0.2,2.3,2.6,1.7,0.8,0.4,0.1,0.2,1.4,0.6,8.3,-0.4,14.6,1,0,15.1,99,25,306,60,271,239,245,180,135,179,25,435,458,142,450,295,335,236,322,386,402,410,328,429,235,268,316,178,29,289,1,114.7,114.0,114.0,114.1,114.4,114.4,0.6,-0.4,-0.4,0.12,2.17,18.0,0.013,0.118,0.066,8.3,8.3,0.597,0.608,0.166,0.173,98.82,99.0,82.5,99.0,0.084,2535,3.1,6.6,67,93,93,462,468,468,213,249,249,240,147,202,461,301,352,166,165,71,105,296,290,471,462,462,292,239,245,47,2020-21
1628436,Luke Kornet,Luke,1610612738,BOS,25.0,31,13,18,0.419,11.2,1.4,3.3,0.436,0.5,1.9,0.254,0.1,0.2,0.5,0.5,1.7,2.2,0.8,0.2,0.1,1.0,0.1,0.6,0.3,3.4,1.7,10.4,0,0,9.2,378,371,329,368,422,417,421,300,351,319,408,515,514,488,339,379,378,394,500,487,45,487,483,488,432,117,386,245,29,407,2,106.7,105.4,105.4,100.5,99.6,99.6,6.2,5.8,5.8,0.095,3.43,17.9,0.041,0.144,0.095,5.2,5.2,0.51,0.511,0.135,0.141,101.28,102.37,85.31,102.37,0.087,746,1.4,3.3,312,354,354,32,31,31,73,82,82,315,29,203,202,216,201,36,35,317,409,432,429,287,194,194,270,417,421,36,2020-21
1630201,Malachi Flynn,Malachi,1610612761,TOR,23.0,47,21,26,0.447,19.7,2.7,7.2,0.374,1.1,3.6,0.321,1.0,1.2,0.804,0.2,2.3,2.5,2.9,0.9,0.8,0.1,0.3,1.4,1.1,7.5,-2.1,16.8,1,0,16.0,256,264,181,327,267,274,219,461,193,175,312,262,284,209,471,302,341,122,258,152,396,325,326,290,264,403,271,178,29,268,1,103.6,103.8,103.8,108.8,109.4,109.4,-5.2,-5.6,-5.6,0.225,3.19,25.3,0.01,0.114,0.06,7.9,7.9,0.453,0.484,0.183,0.19,101.41,101.04,84.2,101.04,0.083,1958,2.7,7.2,400,395,395,210,246,246,374,387,387,80,37,71,496,317,392,145,141,449,455,227,226,270,299,299,300,274,219,27,2020-21
1627763,Malcolm Brogdon,Malcolm,1610612754,IND,28.0,56,27,29,0.482,34.5,7.9,17.5,0.453,2.6,6.7,0.388,2.7,3.2,0.864,1.0,4.2,5.3,5.9,2.1,0.9,0.3,1.2,2.0,2.7,21.2,-0.6,37.7,6,0,37.2,180,189,129,282,21,30,25,237,34,33,135,62,79,98,139,98,113,29,64,130,291,9,181,85,36,280,39,77,29,36,1,108.8,110.6,110.6,109.6,111.1,111.1,-0.8,-0.5,-0.5,0.271,2.86,22.0,0.029,0.118,0.073,7.7,7.7,0.527,0.561,0.257,0.262,102.5,101.02,84.19,101.02,0.128,4056,7.9,17.5,238,187,187,260,330,330,263,256,256,47,58,113,278,298,303,122,119,260,252,47,50,183,300,300,67,30,25,34,2020-21
1627736,Malik Beasley,Malik,1610612750,MIN,24.0,37,8,29,0.216,32.8,7.1,16.2,0.44,3.5,8.7,0.399,1.8,2.2,0.85,0.8,3.6,4.4,2.4,1.6,0.8,0.2,0.8,1.7,1.6,19.6,-5.3,29.8,0,0,31.8,338,434,129,505,49,45,40,278,6,8,104,126,145,118,214,150,166,147,110,150,358,67,261,183,47,514,83,245,29,66,1,106.2,107.9,107.9,113.0,115.0,115.0,-6.8,-7.2,-7.2,0.114,1.47,11.3,0.021,0.112,0.064,7.7,7.7,0.547,0.57,0.235,0.241,103.82,102.1,85.09,102.1,0.101,2577,7.1,16.2,329,273,273,430,487,487,415,425,425,250,316,409,359,331,364,124,120,198,221,77,75,101,214,214,167,45,40,23,2020-21
1630238,Malik Fitts,Malik,1610612746,LAC,23.0,3,3,0,1.0,3.6,0.3,1.0,0.333,0.3,0.7,0.5,0.0,0.0,0.0,0.0,1.0,1.0,0.0,0.0,0.0,0.0,0.3,1.0,0.0,1.0,-2.0,2.2,0,0,2.3,527,482,536,1,526,517,522,494,381,426,5,521,523,521,518,456,483,531,530,511,495,267,419,527,520,395,526,245,29,525,1,88.3,86.4,86.4,121.8,113.6,113.6,-33.5,-27.3,-27.3,0.0,0.0,0.0,0.0,0.3,0.15,0.0,0.0,0.5,0.5,0.12,0.133,93.28,97.63,81.36,97.63,0.029,22,0.3,1.0,525,520,520,528,440,440,531,526,526,531,524,531,518,7,54,1,1,350,428,481,457,539,519,519,513,517,522,47,2020-21
1628370,Malik Monk,Malik,1610612766,CHA,23.0,42,19,23,0.452,20.9,4.1,9.5,0.434,2.0,5.0,0.401,1.4,1.7,0.819,0.3,2.1,2.4,2.1,1.3,0.5,0.1,0.5,1.1,1.4,11.7,0.8,18.0,0,0,19.3,303,298,233,321,250,158,141,307,75,96,92,186,207,170,398,328,350,174,152,342,440,189,397,229,146,166,244,245,29,205,1,109.3,109.4,109.4,109.3,108.6,108.6,0.0,0.8,0.8,0.155,1.58,15.3,0.015,0.096,0.055,9.6,9.6,0.54,0.569,0.227,0.234,101.68,101.97,84.97,101.97,0.096,1874,4.1,9.5,218,227,227,243,199,199,233,207,207,163,290,290,438,400,428,267,268,218,224,97,92,250,226,226,200,158,141,33,2020-21
1629603,Mamadi Diakite,Mamadi,1610612749,MIL,24.0,14,7,7,0.5,10.1,1.1,2.9,0.4,0.1,0.6,0.125,0.8,1.0,0.786,0.6,1.9,2.4,0.6,0.2,0.4,0.4,0.3,1.1,0.9,3.1,0.6,9.1,0,0,7.8,463,445,466,251,436,443,443,411,453,438,472,313,311,244,276,354,348,432,506,353,227,312,389,335,439,180,419,245,29,430,1,105.8,103.2,103.2,99.7,99.4,99.4,6.1,3.8,3.8,0.079,2.67,13.8,0.052,0.16,0.107,5.2,5.2,0.413,0.477,0.142,0.146,106.0,107.54,89.61,107.54,0.081,314,1.1,2.9,345,408,408,27,27,27,75,122,122,381,76,332,153,154,150,35,37,489,462,410,416,34,22,22,312,443,443,46,2020-21
201188,Marc Gasol,Marc,1610612747,LAL,36.0,52,32,20,0.615,19.1,1.7,3.7,0.454,1.0,2.3,0.41,0.7,1.0,0.72,0.7,3.4,4.1,2.1,1.0,0.5,1.1,0.1,2.2,1.0,5.0,1.7,17.0,0,0,15.5,215,115,284,134,286,387,392,236,229,267,68,345,330,352,221,165,181,173,224,312,34,474,121,299,369,116,264,245,29,279,1,107.1,108.5,108.5,103.7,104.2,104.2,3.4,4.3,4.3,0.145,2.06,28.9,0.039,0.174,0.108,14.1,14.0,0.582,0.606,0.117,0.119,100.85,99.96,83.3,99.96,0.083,2068,1.7,3.7,292,258,258,56,69,69,130,108,108,183,176,38,210,116,143,482,482,98,108,492,495,321,381,381,297,387,392,42,2020-21
202694,Marcus Morris Sr.,Marcus,1610612746,LAC,31.0,57,38,19,0.667,26.3,4.8,10.2,0.473,2.5,5.2,0.473,1.3,1.6,0.82,0.6,3.5,4.1,1.0,1.0,0.6,0.3,0.2,2.1,1.4,13.4,2.3,21.5,0,0,22.7,172,65,306,79,156,115,117,188,44,89,13,204,228,169,260,160,183,339,227,265,298,407,155,233,115,86,183,245,29,150,1,117.3,117.4,117.4,112.0,113.1,113.1,5.3,4.2,4.2,0.056,1.02,7.9,0.025,0.133,0.08,7.8,7.7,0.592,0.614,0.194,0.201,99.23,98.69,82.24,98.69,0.091,3089,4.8,10.2,23,26,26,384,423,423,88,111,111,480,421,494,317,251,271,128,125,85,90,178,180,448,479,479,239,115,117,47,2020-21
203935,Marcus Smart,Marcus,1610612738,BOS,27.0,48,24,24,0.5,32.9,4.2,10.6,0.398,1.9,5.9,0.33,2.7,3.4,0.79,0.8,2.7,3.5,5.7,2.0,1.5,0.5,0.2,2.6,3.0,13.1,1.9,29.7,3,0,28.1,251,223,216,251,48,153,111,416,88,62,294,67,65,238,216,252,237,35,69,15,165,390,49,68,120,107,85,115,29,90,1,112.8,114.2,114.2,110.5,111.3,111.3,2.3,2.8,2.8,0.227,2.84,28.7,0.022,0.084,0.052,10.1,10.1,0.489,0.539,0.179,0.182,102.2,101.16,84.3,101.16,0.085,3332,4.2,10.6,121,89,89,315,337,337,158,144,144,78,59,39,348,453,450,305,305,385,338,244,253,206,287,287,280,153,111,36,2020-21
1628365,Markelle Fultz,Markelle,1610612753,ORL,23.0,8,6,2,0.75,26.9,5.1,13.0,0.394,0.5,2.0,0.25,2.1,2.4,0.895,0.6,2.5,3.1,5.4,2.3,1.0,0.3,0.9,2.3,2.9,12.9,-3.6,26.2,1,0,24.4,495,456,515,18,150,107,72,423,342,306,410,98,121,55,254,275,280,40,50,87,308,50,108,73,123,473,114,178,29,127,1,107.2,107.1,107.1,112.2,113.6,113.6,-5.0,-6.5,-6.5,0.293,2.39,25.0,0.021,0.095,0.056,10.5,10.4,0.413,0.458,0.25,0.256,103.75,103.16,85.97,103.16,0.081,463,5.1,13.0,288,301,301,394,440,440,372,408,408,37,111,73,353,412,421,329,327,488,484,56,59,105,139,139,311,107,72,21,2020-21
202693,Markieff Morris,Markieff,1610612747,LAL,31.0,61,32,29,0.525,19.7,2.5,6.2,0.405,1.1,3.4,0.311,0.6,0.8,0.72,0.8,3.6,4.4,1.2,0.9,0.4,0.3,0.1,1.7,0.8,6.7,0.3,14.8,2,0,14.6,124,115,129,230,269,297,265,396,207,185,333,374,369,352,203,154,168,303,272,389,257,463,239,362,301,203,310,146,29,298,1,105.6,107.1,107.1,105.8,106.3,106.3,-0.1,0.8,0.8,0.088,1.35,13.9,0.04,0.176,0.109,10.3,10.2,0.491,0.509,0.16,0.164,101.39,100.47,83.72,100.47,0.076,2512,2.5,6.2,354,303,303,96,112,112,238,206,206,342,347,326,207,108,140,318,319,383,417,339,339,275,335,335,343,297,265,42,2020-21
1630210,Markus Howard,Markus,1610612743,DEN,22.0,37,24,13,0.649,5.5,1.1,2.9,0.377,0.5,1.8,0.277,0.2,0.2,0.778,0.0,0.5,0.6,0.5,0.5,0.1,0.0,0.2,0.6,0.2,2.8,-1.9,4.2,0,0,4.6,338,223,391,109,498,451,442,452,350,335,386,495,507,254,517,514,520,452,412,492,490,382,488,518,454,387,500,245,29,485,1,97.5,93.5,93.5,112.4,110.5,110.5,-14.9,-17.0,-17.0,0.145,1.0,12.4,0.004,0.095,0.048,12.4,12.3,0.462,0.477,0.25,0.267,104.84,107.97,89.97,107.97,0.046,465,1.1,2.9,493,506,506,404,294,294,500,508,508,184,424,377,516,406,473,432,432,439,460,56,44,54,19,19,485,451,442,47,2020-21
1629716,Marques Bolden,Marques,1610612739,CLE,23.0,6,2,4,0.333,4.8,0.2,0.5,0.333,0.0,0.0,0.0,0.8,1.3,0.625,0.5,0.5,1.0,0.0,0.3,0.3,0.3,0.0,0.0,0.5,1.2,0.8,4.0,0,0,3.5,506,501,492,434,510,529,536,494,480,522,480,297,264,443,303,516,483,531,456,396,238,503,534,446,516,164,506,245,29,507,1,85.5,82.8,82.8,72.0,70.5,70.5,13.6,12.3,12.3,0.0,0.0,0.0,0.083,0.088,0.086,22.2,23.5,0.333,0.537,0.136,0.133,97.13,99.74,83.12,99.74,0.115,58,0.2,0.5,529,529,529,1,2,2,14,15,15,531,524,531,68,441,240,527,528,512,347,429,459,528,400,400,99,529,536,22,2020-21
1627737,Marquese Chriss,Marquese,1610612744,GSW,23.0,2,0,2,0.0,13.4,2.5,7.0,0.357,0.5,2.5,0.2,1.0,2.0,0.5,1.5,5.0,6.5,1.0,1.0,0.0,1.0,0.5,1.5,1.0,6.5,-12.5,17.8,0,0,16.5,532,531,515,531,392,298,230,480,342,251,443,246,161,488,77,59,66,341,227,511,47,155,315,309,312,539,249,245,29,254,1,74.8,79.0,79.0,124.2,119.4,119.4,-49.3,-40.3,-40.3,0.2,1.0,10.0,0.075,0.385,0.197,10.0,10.1,0.393,0.412,0.25,0.252,112.36,111.39,92.83,111.39,0.11,62,2.5,7.0,533,532,532,533,527,527,536,535,535,106,424,449,89,1,12,292,306,502,506,56,62,3,9,9,134,298,230,39,2020-21
1628963,Marvin Bagley III,Marvin,1610612758,SAC,22.0,43,20,23,0.465,25.9,5.7,11.4,0.504,0.9,2.5,0.343,1.8,3.1,0.575,2.5,4.9,7.4,1.0,1.4,0.5,0.5,1.0,2.3,2.7,14.1,-2.0,26.1,11,0,25.3,297,279,233,304,163,83,98,115,253,250,252,131,82,471,24,62,37,341,142,322,159,35,95,83,102,397,116,51,29,114,1,112.2,112.8,112.8,115.0,116.5,116.5,-2.7,-3.7,-3.7,0.057,0.73,6.6,0.092,0.188,0.14,9.0,9.1,0.542,0.554,0.229,0.233,102.17,101.26,84.38,101.26,0.099,2345,5.7,11.4,131,127,127,493,512,512,313,337,337,479,482,509,59,90,64,221,226,215,278,90,96,208,275,275,180,83,98,31,2020-21
1630222,Mason Jones,Mason,1610612755,PHI,22.0,32,10,22,0.313,10.5,1.6,3.8,0.423,0.8,2.1,0.364,1.3,2.0,0.625,0.2,1.5,1.7,1.3,0.9,0.2,0.0,0.2,0.8,1.2,5.3,-2.8,9.1,0,0,9.5,372,411,245,449,432,394,384,343,277,297,200,207,161,443,467,398,419,279,265,461,489,437,467,263,358,439,416,245,29,399,2,97.9,98.9,98.9,111.9,108.8,108.8,-14.1,-9.9,-9.9,0.211,1.45,18.9,0.018,0.145,0.076,13.1,13.1,0.52,0.556,0.217,0.22,105.0,105.91,88.25,105.91,0.092,730,1.6,3.8,491,472,472,382,214,214,496,460,460,92,323,173,394,214,283,453,453,285,268,120,130,48,42,42,229,394,384,49,2020-21
203486,Mason Plumlee,Mason,1610612765,DET,31.0,56,14,42,0.25,26.8,4.2,6.8,0.614,0.0,0.1,0.0,2.0,3.0,0.669,2.6,6.7,9.3,3.6,1.9,0.8,0.9,0.6,3.3,2.7,10.4,-2.7,30.0,16,2,26.6,180,357,20,486,152,155,236,36,480,496,480,108,87,406,19,25,17,86,80,173,68,105,9,84,177,434,81,26,13,104,1,107.4,109.1,109.1,113.5,114.0,114.0,-6.2,-4.9,-4.9,0.205,1.92,26.5,0.095,0.264,0.176,13.8,13.8,0.614,0.638,0.163,0.165,99.52,98.52,82.1,98.52,0.129,3076,4.2,6.8,286,245,245,446,453,453,400,369,369,102,214,55,51,20,22,479,479,51,51,323,338,427,483,483,62,155,236,20,2020-21
1629680,Matisse Thybulle,Matisse,1610612755,PHI,24.0,65,46,19,0.708,20.0,1.6,3.7,0.42,0.7,2.2,0.301,0.1,0.3,0.444,0.5,1.4,1.9,1.0,0.5,1.6,1.1,0.0,2.0,0.4,3.9,1.5,15.3,0,0,12.9,81,14,306,48,263,402,390,356,304,283,353,511,500,508,332,406,404,351,410,8,37,496,183,464,417,126,298,245,29,331,1,110.3,109.3,109.3,104.0,104.7,104.7,6.3,4.6,4.6,0.064,1.97,18.3,0.023,0.07,0.047,9.3,9.3,0.508,0.508,0.09,0.094,101.75,101.86,84.88,101.86,0.053,2741,1.6,3.7,181,236,236,59,82,82,69,105,105,451,203,195,336,501,486,240,241,322,420,533,531,244,237,237,465,402,390,49,2020-21
1629744,Matt Thomas,Matt,1610612762,UTA,26.0,45,27,18,0.6,7.3,1.1,2.8,0.394,0.6,1.8,0.338,0.3,0.3,0.857,0.2,0.8,1.0,0.4,0.3,0.1,0.0,0.1,0.4,0.1,3.1,-1.5,4.9,0,0,5.3,279,189,329,143,475,448,447,425,318,332,270,474,490,104,491,478,493,473,466,497,495,466,511,521,443,352,487,245,29,477,2,101.1,100.0,100.0,110.1,109.3,109.3,-9.0,-9.3,-9.3,0.096,1.36,11.6,0.02,0.112,0.065,8.5,8.4,0.5,0.522,0.187,0.196,101.36,102.28,85.23,102.28,0.071,695,1.1,2.8,454,458,458,288,244,244,450,454,454,309,344,400,370,327,360,174,170,350,385,210,193,277,203,203,383,448,447,52,2020-21
203521,Matthew Dellavedova,Matthew,1610612739,CLE,30.0,13,4,9,0.308,17.2,1.1,4.3,0.25,0.3,1.9,0.16,0.3,0.3,1.0,0.5,1.4,1.8,4.5,0.5,0.3,0.1,0.4,1.6,0.3,2.8,-1.4,12.4,0,0,10.2,467,474,441,451,325,452,356,517,392,316,465,461,491,1,332,416,410,60,421,411,457,233,280,491,457,344,353,245,29,384,1,111.0,108.8,108.8,113.9,111.9,111.9,-2.8,-3.1,-3.1,0.337,9.67,47.5,0.029,0.085,0.057,4.9,4.9,0.286,0.312,0.125,0.128,98.29,100.13,83.44,100.13,0.052,466,1.1,4.3,162,251,251,455,374,374,317,322,322,14,2,3,277,452,414,28,28,522,523,468,471,494,360,360,471,452,356,22,2020-21
203090,Maurice Harkless,Maurice,1610612758,SAC,28.0,37,16,21,0.432,20.9,1.9,4.5,0.418,0.6,2.3,0.274,0.9,1.2,0.767,0.4,2.1,2.4,1.2,0.6,0.8,0.5,0.2,2.3,0.9,5.2,-1.2,13.4,0,0,12.2,338,331,268,346,252,369,344,363,313,278,389,282,293,281,393,336,349,306,383,150,142,353,96,346,359,332,335,245,29,353,2,110.1,109.7,109.7,111.9,112.7,112.7,-1.8,-2.9,-2.9,0.071,2.0,17.5,0.017,0.097,0.058,8.8,8.8,0.488,0.527,0.114,0.116,102.91,102.73,85.61,102.73,0.044,1654,1.9,4.5,192,216,216,381,405,405,290,318,318,414,185,216,404,399,405,190,195,388,371,500,502,150,173,173,495,369,344,31,2020-21
1629622,Max Strus,Max,1610612748,MIA,25.0,39,14,25,0.359,13.0,2.2,4.8,0.455,1.3,3.8,0.338,0.4,0.6,0.667,0.1,0.9,1.1,0.6,0.2,0.3,0.1,0.0,1.1,0.7,6.1,-1.0,9.0,0,0,9.7,326,357,201,421,400,336,327,232,173,162,268,436,417,407,502,467,481,425,508,426,476,500,401,389,326,322,420,245,29,396,1,110.3,109.4,109.4,114.6,113.6,113.6,-4.3,-4.2,-4.2,0.074,3.0,10.5,0.011,0.073,0.043,3.5,3.5,0.588,0.597,0.179,0.185,97.49,98.32,81.93,98.32,0.072,1039,2.2,4.8,182,230,230,482,439,439,352,349,349,403,43,435,488,495,505,16,16,89,140,248,245,519,496,496,377,336,327,40,2020-21
1628467,Maxi Kleber,Maxi,1610612742,DAL,29.0,50,31,19,0.62,26.8,2.3,5.5,0.422,1.7,4.2,0.41,0.7,0.7,0.919,0.9,4.3,5.2,1.4,0.6,0.5,0.7,0.1,2.1,0.9,7.1,2.7,18.3,0,0,17.7,238,130,306,130,151,315,300,345,116,139,66,347,388,36,161,96,116,271,378,329,98,471,141,349,281,71,235,245,29,230,1,113.4,113.5,113.5,108.9,108.9,108.9,4.5,4.6,4.6,0.066,2.27,17.4,0.035,0.151,0.095,7.7,7.7,0.58,0.606,0.103,0.106,100.15,100.1,83.41,100.1,0.073,2799,2.3,5.5,99,109,109,221,218,218,107,103,103,441,125,219,233,195,200,119,123,101,109,517,519,378,364,364,365,315,300,42,2020-21
203086,Meyers Leonard,Meyers,1610612748,MIA,29.0,3,2,1,0.667,9.8,1.0,2.3,0.429,1.0,2.3,0.429,0.3,0.7,0.5,0.0,2.3,2.3,0.7,0.7,0.0,0.0,0.0,1.7,1.0,3.3,-1.3,6.5,0,0,7.3,527,501,527,79,438,460,465,324,218,270,35,456,401,488,518,294,363,413,350,511,495,503,262,309,434,341,455,245,29,439,1,101.7,103.3,103.3,110.2,104.8,104.8,-8.5,-1.4,-1.4,0.105,1.0,16.7,0.0,0.241,0.119,16.7,16.8,0.643,0.635,0.152,0.152,98.69,100.45,83.71,100.45,0.067,60,1.0,2.3,437,405,405,298,86,86,444,276,276,274,424,236,518,28,110,511,513,26,61,373,385,479,337,337,404,460,465,40,2020-21
1629662,Mfiondu Kabengele,Mfiondu,1610612739,CLE,23.0,39,20,19,0.513,7.2,0.8,2.3,0.371,0.3,1.3,0.26,0.4,0.5,0.8,0.3,1.2,1.5,0.4,0.4,0.2,0.3,0.1,0.9,0.5,2.4,-2.4,6.2,0,0,5.8,326,279,306,244,477,475,469,464,381,378,403,436,451,212,417,435,439,468,440,465,238,480,441,456,472,422,463,245,29,464,2,94.3,93.1,93.1,107.9,107.3,107.3,-13.6,-14.2,-14.2,0.099,1.13,13.1,0.039,0.151,0.096,11.5,11.6,0.444,0.486,0.168,0.175,102.0,102.94,85.78,102.94,0.065,597,0.8,2.3,513,508,508,160,145,145,492,495,495,293,389,355,214,188,197,384,384,457,454,289,276,227,156,156,416,475,469,22,2020-21
203487,Michael Carter-Williams,Michael,1610612753,ORL,29.0,31,12,19,0.387,25.8,3.4,8.7,0.389,0.5,2.0,0.246,1.6,2.6,0.613,1.3,3.2,4.5,4.2,2.2,0.8,0.5,0.7,2.6,3.7,8.8,-1.6,22.3,0,0,20.7,378,388,306,400,166,209,169,433,351,312,423,161,108,454,105,185,159,71,54,154,140,87,53,44,216,365,162,245,29,182,1,102.8,103.1,103.1,105.8,105.6,105.6,-2.9,-2.5,-2.5,0.238,1.87,25.7,0.044,0.123,0.082,13.8,13.7,0.417,0.449,0.198,0.202,101.38,101.36,84.46,101.36,0.064,1685,3.4,8.7,419,410,410,95,97,97,322,305,305,70,225,65,188,286,259,480,477,484,489,168,175,276,266,266,419,209,169,21,2020-21
1629008,Michael Porter Jr.,Michael,1610612743,DEN,23.0,61,40,21,0.656,31.3,7.3,13.4,0.542,2.8,6.3,0.445,1.7,2.2,0.791,1.5,5.8,7.3,1.1,1.3,0.7,0.9,0.4,2.1,1.6,19.0,5.9,32.9,15,0,33.4,124,48,268,99,76,44,64,70,28,48,26,140,142,236,80,34,39,318,158,230,69,228,150,186,52,15,65,30,29,59,1,118.7,120.2,120.2,111.2,111.9,111.9,7.5,8.3,8.3,0.052,0.91,6.9,0.051,0.189,0.121,7.6,7.5,0.646,0.663,0.214,0.218,98.99,98.1,81.75,98.1,0.125,3924,7.3,13.4,7,7,7,353,371,371,52,39,39,487,456,506,160,87,102,114,111,24,27,129,136,462,501,501,69,44,64,47,2020-21
1628969,Mikal Bridges,Mikal,1610612756,PHX,24.0,72,51,21,0.708,32.6,5.0,9.3,0.543,1.9,4.4,0.425,1.5,1.8,0.84,1.1,3.2,4.3,2.1,0.8,1.1,0.9,0.3,1.6,1.6,13.5,4.7,26.8,2,0,25.6,1,4,268,47,51,108,149,69,100,134,41,169,193,141,135,182,171,171,307,72,71,267,281,194,113,27,108,146,29,113,1,116.6,117.5,117.5,109.1,110.0,110.0,7.5,7.4,7.4,0.085,2.67,16.3,0.035,0.099,0.068,6.1,6.1,0.643,0.667,0.147,0.149,99.15,98.32,81.93,98.32,0.099,4800,5.0,9.3,36,24,24,232,270,270,51,50,50,352,76,250,238,392,335,57,58,27,25,389,402,453,494,494,179,108,149,51,2020-21
201144,Mike Conley,Mike,1610612762,UTA,33.0,51,37,14,0.725,29.4,5.6,12.5,0.444,2.7,6.6,0.412,2.4,2.8,0.852,0.7,2.8,3.5,6.0,1.9,1.4,0.2,0.5,1.9,2.6,16.2,10.7,32.1,6,0,31.5,226,73,379,31,109,91,84,267,32,37,60,86,101,116,226,248,239,27,76,24,371,174,189,89,74,3,68,77,29,69,1,117.3,116.2,116.2,100.0,99.5,99.5,17.2,16.7,16.7,0.303,3.08,27.5,0.024,0.082,0.055,8.9,8.9,0.552,0.589,0.224,0.231,100.78,101.52,84.6,101.52,0.131,3176,5.6,12.5,21,44,44,29,29,29,6,9,9,32,41,44,325,465,432,209,210,181,162,103,101,332,253,253,57,91,84,52,2020-21
1628455,Mike James,Mike,1610612751,BKN,30.0,13,9,4,0.692,18.2,2.6,7.1,0.37,0.8,2.4,0.355,1.6,2.1,0.778,0.2,2.2,2.5,4.2,1.5,0.5,0.1,0.4,0.8,1.6,7.7,1.5,17.0,0,0,16.2,467,427,492,64,303,283,226,468,256,260,218,156,155,254,457,305,342,72,122,337,457,233,465,189,254,125,266,245,29,261,1,117.1,115.6,115.6,111.5,111.6,111.6,5.6,4.1,4.1,0.303,2.7,30.2,0.013,0.112,0.066,11.2,11.2,0.429,0.481,0.231,0.235,99.64,100.28,83.56,100.28,0.092,493,2.6,7.1,27,55,55,366,354,354,82,115,115,31,70,29,455,328,351,362,366,470,456,84,90,419,353,353,230,283,226,48,2020-21
203488,Mike Muscala,Mike,1610612760,OKC,29.0,35,15,20,0.429,18.4,3.4,7.6,0.446,1.9,5.3,0.37,0.9,1.0,0.917,0.5,3.2,3.8,0.8,0.6,0.2,0.3,0.2,1.5,1.1,9.7,0.5,16.4,0,0,17.3,354,344,284,352,299,206,201,262,86,85,182,267,310,37,290,184,212,380,378,453,253,425,304,289,190,190,277,245,29,241,1,101.2,102.5,102.5,102.0,101.9,101.9,-0.9,0.6,0.6,0.069,1.33,8.6,0.028,0.157,0.095,6.5,6.3,0.573,0.599,0.194,0.202,103.53,102.92,85.77,102.92,0.112,1388,3.4,7.6,450,424,424,40,51,51,267,215,215,430,350,478,280,168,199,72,70,118,131,181,176,110,158,158,126,206,201,22,2020-21
203118,Mike Scott,Mike,1610612755,PHI,32.0,51,35,16,0.686,16.7,1.5,4.1,0.36,1.0,3.0,0.342,0.2,0.2,0.667,0.2,2.1,2.4,0.8,0.4,0.5,0.3,0.2,1.4,0.4,4.2,-0.2,10.0,0,0,9.8,226,94,360,69,338,411,367,478,213,209,255,504,509,407,470,320,360,387,447,331,285,436,344,469,402,252,395,245,29,391,1,105.6,105.7,105.7,105.5,105.9,105.9,0.1,-0.2,-0.2,0.064,2.11,14.5,0.012,0.129,0.069,6.9,6.9,0.486,0.492,0.116,0.12,102.16,101.9,84.92,101.9,0.05,1806,1.5,4.1,357,345,345,87,107,107,232,241,241,456,162,303,466,269,325,89,90,394,439,494,492,211,233,233,477,411,367,49,2020-21
1628970,Miles Bridges,Miles,1610612766,CHA,23.0,66,31,35,0.47,29.3,4.7,9.4,0.503,1.8,4.4,0.4,1.5,1.7,0.867,1.2,4.8,6.0,2.2,1.6,0.7,0.8,0.4,2.2,1.5,12.7,-0.1,26.0,11,0,25.6,70,130,52,298,112,125,145,117,113,130,93,175,208,92,115,65,74,160,114,218,83,227,130,200,129,247,118,51,29,112,1,110.3,110.4,110.4,110.1,110.1,110.1,0.1,0.3,0.3,0.113,1.39,15.9,0.041,0.158,0.1,11.5,11.5,0.596,0.625,0.17,0.174,100.81,100.77,83.98,100.77,0.103,4047,4.7,9.4,185,196,196,291,275,275,230,227,227,254,336,263,203,164,184,376,380,72,72,280,283,324,316,316,158,125,145,33,2020-21
1629011,Mitchell Robinson,Mitchell,1610612752,NYK,23.0,31,15,16,0.484,27.5,3.7,5.7,0.653,0.0,0.0,0.0,0.8,1.7,0.491,3.6,4.5,8.1,0.5,0.8,1.1,1.5,0.4,2.8,1.6,8.3,-0.5,25.7,5,0,22.1,378,344,360,279,137,180,291,15,480,522,480,296,209,502,5,83,27,434,287,57,12,209,32,190,234,279,121,90,29,158,1,103.8,106.1,106.1,106.7,106.5,106.5,-2.9,-0.4,-0.4,0.03,0.65,7.0,0.124,0.155,0.14,10.7,10.7,0.653,0.642,0.114,0.115,97.33,96.39,80.33,96.39,0.104,1707,3.7,5.7,391,337,337,121,116,116,318,248,248,520,493,505,21,173,66,338,341,21,48,502,510,526,539,539,155,180,291,41,2020-21
1629671,Miye Oni,Miye,1610612762,UTA,23.0,54,45,9,0.833,9.6,0.6,1.8,0.354,0.6,1.6,0.341,0.1,0.1,0.833,0.4,1.1,1.6,0.5,0.3,0.2,0.1,0.1,1.1,0.1,1.9,1.7,5.3,0,0,5.3,196,19,441,8,444,497,487,484,330,346,258,516,520,145,346,448,437,442,475,467,397,489,393,522,495,119,479,245,29,476,1,109.6,108.4,108.4,102.4,99.5,99.5,7.3,8.8,8.8,0.071,1.75,19.2,0.043,0.106,0.076,11.0,11.0,0.505,0.517,0.095,0.099,99.64,101.61,84.67,101.61,0.04,1097,0.6,1.8,203,262,262,46,30,30,56,38,38,417,253,167,193,360,289,352,353,330,396,526,526,420,252,252,501,497,487,52,2020-21
1628964,Mo Bamba,Mo,1610612753,ORL,23.0,46,11,35,0.239,15.8,3.1,6.5,0.472,0.8,2.6,0.322,1.0,1.4,0.682,1.7,4.1,5.8,0.8,0.8,0.3,1.3,0.4,1.9,1.1,8.0,-4.4,19.9,4,0,18.5,268,398,52,493,357,243,248,192,262,244,310,258,244,398,64,109,86,398,314,414,21,229,198,287,244,496,208,105,29,220,1,101.5,102.4,102.4,114.7,115.2,115.2,-13.2,-12.9,-12.9,0.082,0.97,8.8,0.091,0.24,0.163,9.0,9.0,0.535,0.556,0.21,0.215,101.79,101.09,84.24,101.09,0.123,1523,3.1,6.5,441,427,427,484,488,488,490,487,487,361,444,473,60,29,33,216,214,235,265,141,144,242,293,293,83,243,248,21,2020-21
1628420,Monte Morris,Monte,1610612743,DEN,26.0,47,30,17,0.638,25.5,4.0,8.2,0.481,1.1,2.9,0.381,1.2,1.6,0.795,0.2,1.8,2.0,3.2,0.7,0.7,0.3,0.5,1.0,1.2,10.2,3.3,19.7,0,0,18.6,256,143,346,118,174,166,181,163,205,220,156,213,229,233,455,365,388,108,334,185,284,164,417,269,180,55,211,245,29,218,1,114.9,115.7,115.7,109.5,109.5,109.5,5.4,6.2,6.2,0.172,4.41,24.9,0.009,0.071,0.04,5.6,5.6,0.547,0.574,0.161,0.165,99.24,98.88,82.4,98.88,0.092,2464,4.0,8.2,63,53,53,252,251,251,86,74,74,137,10,75,501,499,516,44,44,199,211,331,337,447,469,469,232,166,181,47,2020-21
1626149,Montrezl Harrell,Montrezl,1610612747,LAL,27.0,69,41,28,0.594,22.9,5.4,8.7,0.622,0.0,0.1,0.0,2.6,3.7,0.707,2.3,3.9,6.2,1.1,1.1,0.7,0.7,0.6,1.9,3.2,13.5,0.6,25.6,8,0,23.5,32,43,143,154,212,99,167,28,480,492,480,69,53,371,30,123,71,331,207,218,97,114,206,58,112,176,123,64,29,140,1,106.5,107.3,107.3,105.2,105.9,105.9,1.3,1.4,1.4,0.078,0.99,8.5,0.1,0.167,0.134,8.6,8.6,0.622,0.65,0.211,0.217,100.5,99.78,83.15,99.78,0.152,3283,5.4,8.7,321,295,295,80,106,106,189,190,190,389,442,479,44,134,76,181,177,44,39,137,140,351,396,396,31,99,167,42,2020-21
1629021,Moritz Wagner,Moritz,1610612753,ORL,24.0,45,19,26,0.422,16.0,2.3,5.1,0.454,0.7,2.0,0.341,1.6,1.9,0.816,0.6,2.6,3.2,1.1,1.0,0.6,0.4,0.4,2.4,2.2,6.9,-3.2,14.4,1,0,13.9,279,298,181,366,353,318,312,234,297,304,261,163,176,187,267,258,268,321,250,275,198,206,82,121,290,457,320,178,29,312,3,104.4,104.9,104.9,112.0,112.8,112.8,-7.7,-7.9,-7.9,0.107,1.16,13.9,0.035,0.149,0.093,11.9,11.9,0.522,0.58,0.178,0.182,105.43,104.8,87.33,104.8,0.08,1568,2.3,5.1,388,367,367,388,411,411,432,437,437,272,384,328,236,205,211,405,406,280,186,250,256,42,68,68,314,318,312,21,2020-21
1629650,Moses Brown,Moses,1610612738,BOS,21.0,43,8,35,0.186,21.4,3.4,6.2,0.545,0.0,0.0,0.0,1.8,2.9,0.619,3.6,5.3,8.9,0.2,1.0,0.7,1.1,0.7,2.2,2.3,8.6,-8.4,24.1,12,0,21.4,297,434,52,517,239,207,261,67,480,522,480,127,91,449,7,48,20,504,227,189,36,95,132,109,226,533,147,44,29,169,1,97.9,98.1,98.1,116.4,116.4,116.4,-18.4,-18.3,-18.3,0.017,0.23,2.7,0.143,0.238,0.188,11.4,11.4,0.545,0.572,0.157,0.161,104.86,104.74,87.29,104.74,0.114,2010,3.4,6.2,489,483,483,510,508,508,513,515,515,526,518,527,7,30,15,374,376,207,215,348,352,53,73,73,113,207,261,36,2020-21
1628539,Mychal Mulder,Mychal,1610612744,GSW,27.0,60,33,27,0.55,12.8,2.0,4.4,0.449,1.4,3.6,0.397,0.2,0.4,0.636,0.1,0.9,1.0,0.4,0.3,0.2,0.2,0.1,0.9,0.3,5.6,1.1,8.4,0,0,9.3,140,107,163,202,402,356,345,249,156,178,108,485,482,434,500,476,483,469,485,468,342,478,438,489,335,148,430,245,29,404,1,112.2,111.3,111.3,108.3,108.4,108.4,3.8,2.9,2.9,0.047,1.63,8.2,0.01,0.062,0.037,5.0,5.1,0.609,0.613,0.157,0.163,105.47,105.81,88.18,105.81,0.062,1695,2.0,4.4,133,164,164,182,194,194,122,141,141,495,277,489,493,521,524,31,31,57,91,345,344,39,45,45,432,356,345,39,2020-21
1626167,Myles Turner,Myles,1610612754,IND,25.0,47,22,25,0.468,31.0,4.4,9.2,0.477,1.5,4.4,0.335,2.4,3.0,0.782,1.3,5.2,6.5,1.0,1.4,0.9,3.4,0.4,3.5,2.4,12.6,0.5,33.2,7,0,30.1,256,252,201,301,84,143,151,176,151,132,278,87,86,251,99,53,65,338,134,138,1,252,6,99,133,186,63,70,29,75,1,108.5,109.2,109.2,107.1,107.9,107.9,1.4,1.3,1.3,0.047,0.72,7.8,0.043,0.159,0.102,10.9,11.0,0.557,0.599,0.167,0.17,101.47,100.71,83.93,100.71,0.09,3047,4.4,9.2,253,239,239,127,170,170,181,192,192,497,483,495,194,160,177,351,354,163,134,290,309,266,320,320,247,143,151,34,2020-21
1630230,Naji Marshall,Naji,1610612740,NOP,23.0,32,14,18,0.438,21.9,2.6,6.5,0.392,0.9,2.6,0.349,1.7,2.3,0.707,0.5,4.2,4.6,2.8,1.2,0.8,0.3,0.4,1.8,1.5,7.7,-0.9,19.6,3,0,18.2,372,357,329,335,229,289,249,429,245,241,233,152,127,372,326,103,151,130,172,149,254,198,219,203,255,310,215,115,29,223,1,107.6,108.1,108.1,110.3,109.6,109.6,-2.8,-1.5,-1.5,0.165,2.32,23.9,0.02,0.182,0.1,10.3,10.3,0.462,0.508,0.16,0.163,105.05,105.1,87.58,105.1,0.088,1530,2.6,6.5,281,270,270,304,255,255,314,277,277,146,117,86,366,99,182,320,322,440,419,337,343,46,56,56,263,289,249,31,2020-21
1629642,Nassir Little,Nassir,1610612757,POR,21.0,48,27,21,0.563,13.3,1.6,3.5,0.467,0.6,1.7,0.35,0.8,0.9,0.8,0.7,2.0,2.7,0.5,0.4,0.1,0.3,0.2,1.1,0.7,4.6,-0.8,9.3,0,0,9.1,251,189,268,189,393,394,411,207,322,344,227,323,334,212,240,340,322,455,443,493,288,427,412,382,389,305,411,245,29,409,1,115.2,116.2,116.2,118.6,118.4,118.4,-3.4,-2.2,-2.2,0.049,1.28,10.1,0.046,0.144,0.094,7.9,7.9,0.551,0.589,0.135,0.138,99.42,99.06,82.55,99.06,0.072,1317,1.6,3.5,59,46,46,522,525,525,329,300,300,492,364,444,180,217,208,140,144,183,160,436,441,434,456,456,369,394,411,42,2020-21
1630268,Nate Darling,Nate,1610612766,CHA,22.0,7,3,4,0.429,3.7,0.3,1.0,0.286,0.3,1.0,0.286,0.4,0.4,1.0,0.1,0.0,0.1,0.1,0.1,0.0,0.1,0.0,0.1,0.3,1.3,-4.3,2.0,0,0,2.1,501,482,492,352,524,521,522,515,395,396,369,429,470,1,497,535,535,518,520,511,402,503,526,496,510,493,528,245,29,527,1,65.6,67.9,67.9,133.9,122.2,122.2,-68.3,-54.3,-54.3,0.111,1.0,11.1,0.032,0.0,0.018,11.1,9.7,0.429,0.541,0.133,0.156,95.68,98.33,81.94,98.33,0.048,53,0.3,1.0,537,537,537,537,532,532,537,536,536,257,424,416,253,535,536,358,272,471,331,442,372,535,493,493,479,521,522,33,2020-21
1630207,Nate Hinton,Nate,1610612742,DAL,22.0,21,11,10,0.524,4.4,0.7,2.0,0.357,0.2,0.9,0.211,0.3,0.5,0.7,0.0,0.4,0.4,0.4,0.2,0.3,0.1,0.1,0.4,0.3,2.0,-2.6,4.1,0,0,3.8,429,398,431,231,514,492,477,480,417,411,440,456,459,379,516,526,528,483,494,396,440,445,515,484,491,431,505,245,29,504,1,88.2,87.3,87.3,116.0,115.4,115.4,-27.9,-28.2,-28.2,0.151,1.6,13.6,0.009,0.091,0.044,8.5,8.4,0.405,0.442,0.217,0.23,103.32,104.12,86.77,104.12,0.066,204,0.7,2.0,526,519,519,506,492,492,526,527,527,176,288,340,505,431,500,170,169,495,491,125,103,126,96,96,406,492,477,42,2020-21
1630233,Nathan Knight,Nathan,1610612737,ATL,23.0,33,21,12,0.636,8.4,1.1,3.0,0.37,0.2,1.0,0.182,1.3,1.7,0.8,0.8,1.4,2.2,0.2,0.5,0.3,0.3,0.3,0.7,0.9,3.8,-0.5,8.0,1,0,7.5,364,264,405,120,462,446,434,466,419,396,458,190,214,212,193,417,376,499,424,435,260,295,480,333,424,277,434,178,29,436,1,102.7,102.6,102.6,108.4,106.9,106.9,-5.7,-4.3,-4.3,0.045,0.53,5.4,0.093,0.155,0.124,10.1,10.2,0.4,0.499,0.207,0.214,99.82,100.55,83.79,100.55,0.089,588,1.1,3.0,424,423,423,184,130,130,393,356,356,499,501,516,57,175,95,300,311,499,430,147,147,407,330,330,254,446,434,41,2020-21
1629675,Naz Reid,Naz,1610612750,MIN,21.0,70,22,48,0.314,19.2,4.3,8.3,0.523,0.9,2.5,0.351,1.6,2.4,0.693,1.2,3.4,4.6,1.0,1.0,0.5,1.1,0.4,2.6,1.9,11.2,-4.2,22.0,1,0,20.8,21,252,6,448,281,145,178,86,250,252,225,153,124,386,122,164,153,337,241,323,39,195,66,144,158,490,171,178,29,178,1,101.9,102.7,102.7,111.5,112.4,112.4,-9.7,-9.7,-9.7,0.088,1.04,9.1,0.054,0.173,0.111,8.7,8.7,0.576,0.599,0.218,0.225,104.9,104.06,86.72,104.06,0.113,2915,4.3,8.3,436,416,416,365,393,393,459,458,458,338,415,468,148,119,134,187,188,111,129,115,116,51,98,98,122,145,178,23,2020-21
202357,Nemanja Bjelica,Nemanja,1610612748,MIA,33.0,37,16,21,0.432,16.1,2.4,5.3,0.454,0.7,2.3,0.318,1.0,1.4,0.725,0.8,2.6,3.4,1.9,0.9,0.4,0.1,0.3,1.8,0.9,6.5,-1.8,14.2,0,0,13.6,338,331,268,346,349,309,307,235,285,275,318,246,254,346,204,257,247,200,270,369,411,330,212,339,311,378,322,245,29,317,2,110.5,109.8,109.8,115.9,116.5,116.5,-5.4,-6.7,-6.7,0.16,2.09,21.6,0.049,0.172,0.109,10.3,10.3,0.523,0.554,0.179,0.186,100.49,100.53,83.78,100.53,0.084,1254,2.4,5.3,175,212,212,505,513,513,380,416,416,154,168,118,164,124,138,321,320,273,277,246,241,355,332,332,286,309,307,40,2020-21
203457,Nerlens Noel,Nerlens,1610612752,NYK,27.0,64,35,29,0.547,24.2,2.1,3.5,0.614,0.0,0.0,0.0,0.8,1.1,0.714,2.2,4.1,6.4,0.7,1.0,1.1,2.2,0.2,2.8,1.4,5.1,0.0,22.6,2,0,18.7,89,94,129,205,190,341,410,35,480,514,480,315,302,356,31,105,69,404,225,63,3,412,36,221,368,236,160,146,29,213,1,108.3,109.2,109.2,107.0,108.5,108.5,1.3,0.7,0.7,0.041,0.71,12.6,0.094,0.164,0.13,17.8,17.8,0.614,0.638,0.092,0.094,97.85,96.74,80.62,96.74,0.082,3106,2.1,3.5,258,240,240,126,195,195,187,212,212,506,484,371,54,138,80,520,519,50,50,531,532,511,538,538,302,341,410,41,2020-21
1629651,Nic Claxton,Nic,1610612751,BKN,22.0,32,23,9,0.719,18.6,2.8,4.5,0.621,0.0,0.2,0.2,1.0,2.0,0.484,1.3,3.8,5.2,0.9,0.6,0.7,1.3,0.3,2.1,1.7,6.6,4.9,19.5,1,0,16.7,372,234,441,39,296,268,340,29,470,491,443,260,161,504,98,132,118,366,391,190,22,264,137,177,305,25,217,178,29,248,1,115.2,114.3,114.3,101.8,102.1,102.1,13.4,12.3,12.3,0.068,1.56,12.8,0.074,0.187,0.134,8.3,8.2,0.624,0.612,0.136,0.141,100.41,100.65,83.87,100.65,0.109,1248,2.8,4.5,58,81,81,38,52,52,15,16,16,434,297,359,90,92,75,164,162,43,96,430,428,365,324,324,140,268,340,48,2020-21
1630208,Nick Richards,Nick,1610612766,CHA,23.0,18,9,9,0.5,3.5,0.2,0.5,0.444,0.0,0.1,0.0,0.4,0.6,0.636,0.2,0.4,0.6,0.1,0.2,0.0,0.0,0.1,0.4,0.4,0.8,-0.7,1.6,0,0,1.6,443,427,441,251,529,525,536,263,480,509,480,444,420,434,462,525,517,523,514,511,495,489,514,470,525,292,530,245,29,531,1,96.2,93.3,93.3,113.6,103.8,103.8,-17.3,-10.5,-10.5,0.054,0.67,10.5,0.056,0.096,0.076,15.8,15.9,0.444,0.542,0.111,0.116,96.03,101.95,84.96,101.95,0.033,134,0.2,0.5,502,507,507,447,63,63,509,469,469,484,488,431,134,403,284,501,504,455,325,507,503,533,228,228,510,525,536,33,2020-21
1629638,Nickeil Alexander-Walker,Nickeil,1610612740,NOP,22.0,46,20,26,0.435,21.9,4.2,10.0,0.419,1.7,4.8,0.347,1.0,1.4,0.727,0.3,2.8,3.1,2.2,1.5,1.0,0.5,0.7,1.9,1.4,11.0,-1.1,21.1,0,0,21.0,268,279,181,339,228,156,131,358,128,114,243,242,244,342,434,232,279,161,127,84,166,76,191,217,163,330,188,245,29,176,1,107.4,108.2,108.2,109.9,111.5,111.5,-2.5,-3.3,-3.3,0.155,1.48,15.6,0.012,0.127,0.069,10.5,10.5,0.502,0.522,0.228,0.235,101.64,100.54,83.78,100.54,0.088,2117,4.2,10.0,285,266,266,279,350,350,309,330,330,164,312,278,468,273,326,334,331,346,386,96,87,257,331,331,258,156,131,31,2020-21
1630185,Nico Mannion,Nico,1610612744,GSW,20.0,30,17,13,0.567,12.1,1.3,3.8,0.342,0.7,2.0,0.367,0.8,0.9,0.821,0.2,1.3,1.5,2.3,1.0,0.5,0.0,0.2,1.0,1.0,4.1,-2.5,10.1,0,0,9.8,385,325,391,182,412,425,386,492,284,306,193,322,335,167,473,421,440,151,218,299,486,364,434,300,407,429,393,245,29,392,1,102.6,102.6,102.6,110.5,111.9,111.9,-7.9,-9.4,-9.4,0.27,2.26,30.7,0.016,0.107,0.061,13.6,13.6,0.439,0.487,0.186,0.19,103.19,102.55,85.46,102.55,0.075,776,1.3,3.8,426,420,420,320,373,373,434,456,456,48,127,26,422,352,381,473,474,459,453,214,225,135,184,184,354,425,386,39,2020-21
201587,Nicolas Batum,Nicolas,1610612746,LAC,32.0,67,44,23,0.657,27.4,2.9,6.1,0.464,1.6,4.1,0.404,0.7,0.9,0.828,0.7,4.0,4.7,2.2,0.8,1.0,0.6,0.1,1.5,1.0,8.1,5.1,21.0,1,0,19.8,58,25,233,97,140,260,266,213,129,148,85,337,359,158,218,120,142,163,310,80,137,477,313,307,241,23,190,178,29,198,1,116.6,117.1,117.1,107.6,108.2,108.2,8.9,8.9,8.9,0.105,2.79,23.3,0.029,0.143,0.088,8.3,8.3,0.597,0.617,0.116,0.119,99.01,98.52,82.1,98.52,0.088,3768,2.9,6.1,37,33,33,152,186,186,32,37,37,276,64,93,276,218,230,167,166,70,85,495,496,461,484,484,262,260,266,47,2020-21
1629740,Nicolo Melli,Nicolo,1610612742,DAL,30.0,45,26,19,0.578,12.6,1.0,3.1,0.326,0.5,1.9,0.271,0.4,0.6,0.76,0.6,2.1,2.7,1.0,0.3,0.3,0.1,0.2,1.3,0.8,3.0,0.5,8.6,0,0,7.9,279,201,306,171,405,459,431,504,338,320,392,432,439,289,248,330,319,350,485,410,465,438,366,377,449,184,428,245,29,429,2,105.8,106.3,106.3,104.5,105.2,105.2,1.3,1.1,1.1,0.108,3.67,21.2,0.046,0.166,0.102,5.8,5.8,0.408,0.441,0.123,0.126,97.39,96.87,80.72,96.87,0.064,1148,1.0,3.1,346,332,332,70,93,93,188,195,195,270,20,132,178,135,173,48,49,494,492,471,473,524,536,536,422,459,431,42,2020-21
203999,Nikola Jokić,Nikola,1610612743,DEN,26.0,72,47,25,0.653,34.6,10.2,18.0,0.566,1.3,3.3,0.388,4.8,5.5,0.868,2.8,8.0,10.8,8.3,3.1,1.3,0.7,0.9,2.7,5.8,26.4,5.3,54.7,60,16,50.8,1,11,201,104,18,5,21,51,174,195,133,22,27,89,13,11,10,7,23,30,104,54,44,7,13,20,1,1,2,3,1,118.1,120.2,120.2,112.3,112.6,112.6,5.8,7.7,7.7,0.377,2.7,26.2,0.087,0.237,0.163,9.7,9.7,0.602,0.647,0.293,0.296,99.13,98.15,81.79,98.15,0.201,5084,10.2,18.0,11,6,6,400,399,399,80,48,48,9,71,58,65,31,34,275,273,67,43,20,23,455,500,500,4,5,21,47,2020-21
202696,Nikola Vučević,Nikola,1610612741,CHI,30.0,70,26,44,0.371,33.5,9.5,19.9,0.477,2.5,6.3,0.4,1.9,2.2,0.84,2.1,9.6,11.7,3.8,1.8,0.9,0.7,0.7,2.0,2.3,23.4,-4.9,46.2,48,2,44.7,21,201,15,411,37,9,7,175,38,47,93,122,136,140,36,4,6,76,86,106,101,74,182,106,26,507,12,5,13,14,2,105.4,106.6,106.6,113.0,113.6,113.6,-7.6,-7.0,-7.0,0.207,2.13,14.5,0.059,0.289,0.17,6.8,6.8,0.54,0.56,0.292,0.296,99.96,99.15,82.63,99.15,0.168,4849,9.5,19.9,362,321,321,434,437,437,431,421,421,99,157,306,125,10,27,84,84,217,255,21,22,397,450,450,14,9,7,31,2020-21
203943,Noah Vonleh,Noah,1610612751,BKN,25.0,4,3,1,0.75,2.7,0.0,0.8,0.0,0.0,0.5,0.0,0.0,0.0,0.0,0.0,0.3,0.3,0.3,0.5,0.0,0.0,0.3,0.5,0.0,0.0,-4.0,0.2,0,0,0.5,519,482,527,18,534,535,527,535,480,446,480,521,523,521,518,531,533,496,403,511,495,344,502,527,536,485,536,245,29,536,1,91.0,82.6,82.6,161.7,145.8,145.8,-70.7,-63.2,-63.2,0.143,0.5,16.7,0.0,0.143,0.067,33.3,33.3,0.0,0.0,0.217,0.239,94.78,104.77,87.31,104.77,-0.094,23,0.0,0.8,517,530,530,539,538,538,538,538,538,189,502,236,518,221,345,535,535,535,536,120,79,538,71,71,537,535,527,48,2020-21
1626181,Norman Powell,Norman,1610612757,POR,28.0,69,32,37,0.464,32.0,6.3,13.3,0.477,2.5,6.0,0.411,3.4,3.9,0.871,0.6,2.5,3.1,1.9,1.7,1.2,0.3,1.0,2.3,3.5,18.6,1.1,27.8,0,0,29.0,32,115,37,305,65,67,66,174,42,59,63,38,47,82,262,274,283,198,98,42,301,28,97,46,55,146,99,245,29,82,2,112.7,114.3,114.3,111.0,112.5,112.5,1.7,1.8,1.8,0.089,1.08,10.1,0.018,0.079,0.048,9.3,9.3,0.57,0.618,0.221,0.225,102.41,101.07,84.23,101.07,0.096,4642,6.3,13.3,122,85,85,345,397,397,172,179,179,335,403,446,395,481,481,242,242,125,81,108,115,189,297,297,206,67,66,42,2020-21
203658,Norvel Pelle,Norvel,1610612752,NYK,28.0,13,8,5,0.615,6.4,0.6,1.2,0.533,0.0,0.0,0.0,0.3,0.5,0.667,0.5,1.0,1.5,0.2,0.2,0.1,0.7,0.2,1.1,0.4,1.5,1.8,5.6,0,0,4.7,467,434,481,134,488,500,518,76,480,522,480,461,462,407,332,456,447,513,496,499,100,367,409,473,506,114,475,245,29,483,3,116.7,113.3,113.3,104.8,101.1,101.1,11.9,12.2,12.2,0.032,0.67,8.7,0.077,0.153,0.117,13.0,13.3,0.533,0.567,0.106,0.11,100.12,103.44,86.2,103.44,0.053,180,0.6,1.2,34,114,114,73,44,44,21,17,17,519,488,474,83,185,116,452,461,241,231,514,516,382,122,122,467,500,518,41,2020-21
1628384,OG Anunoby,OG,1610612761,TOR,23.0,43,18,25,0.419,33.3,5.8,12.1,0.48,2.4,6.1,0.398,1.9,2.4,0.784,1.3,4.3,5.5,2.2,1.7,1.5,0.7,0.9,2.7,1.9,15.9,2.7,30.8,3,0,30.5,297,312,201,370,42,79,93,166,47,57,105,123,123,247,106,97,98,165,95,13,92,48,47,145,77,69,76,115,29,72,1,111.6,112.4,112.4,107.6,109.1,109.1,4.0,3.3,3.3,0.098,1.25,12.8,0.037,0.125,0.081,10.2,10.2,0.58,0.605,0.193,0.196,100.9,99.9,83.25,99.9,0.099,2992,5.8,12.1,144,140,140,150,226,226,114,129,129,300,370,361,226,279,268,311,317,102,114,183,196,318,387,387,176,79,93,27,2020-21
1630167,Obi Toppin,Obi,1610612752,NYK,23.0,62,36,26,0.581,11.0,1.7,3.4,0.498,0.4,1.4,0.306,0.3,0.4,0.731,0.4,1.8,2.2,0.5,0.4,0.3,0.2,0.2,0.9,0.4,4.1,0.4,8.6,0,0,8.2,116,82,181,166,424,388,418,131,364,368,345,463,471,335,349,366,372,458,448,434,314,422,449,479,410,197,427,245,29,423,1,110.5,109.1,109.1,106.3,106.5,106.5,4.2,2.7,2.7,0.065,1.26,10.7,0.037,0.155,0.097,8.5,8.4,0.56,0.574,0.157,0.162,96.9,97.43,81.19,97.43,0.093,1381,1.7,3.4,174,244,244,110,117,117,112,151,151,444,368,428,222,177,195,169,171,154,209,351,345,530,527,527,224,388,418,41,2020-21
1630168,Onyeka Okongwu,Onyeka,1610612737,ATL,20.0,50,31,19,0.62,12.0,1.9,3.0,0.644,0.0,0.1,0.0,0.7,1.1,0.632,1.2,2.0,3.3,0.4,0.6,0.5,0.7,0.3,2.0,0.9,4.6,-1.8,11.8,2,0,10.4,238,130,306,130,416,361,438,18,480,507,480,335,298,437,111,339,266,484,385,338,107,299,169,358,390,376,364,146,29,379,1,107.7,106.2,106.2,114.5,112.6,112.6,-6.8,-6.3,-6.3,0.047,0.62,8.2,0.1,0.172,0.135,13.2,13.1,0.644,0.655,0.141,0.148,99.86,101.4,84.5,101.4,0.087,1266,1.9,3.0,278,334,334,475,400,400,414,403,403,498,495,490,43,123,72,457,456,25,36,415,405,402,263,263,269,361,438,41,2020-21
1629052,Oshae Brissett,Oshae,1610612754,IND,23.0,21,10,11,0.476,24.7,3.5,7.2,0.483,1.6,3.7,0.423,2.4,3.1,0.769,1.4,4.1,5.5,0.9,0.5,0.9,1.0,0.3,1.5,2.2,10.9,2.8,23.9,5,0,22.5,429,411,422,289,182,201,221,156,136,168,45,84,83,274,93,112,100,370,415,117,58,312,310,114,168,67,149,90,29,152,1,115.9,117.0,117.0,109.6,111.0,111.0,6.3,6.0,6.0,0.042,1.8,8.7,0.054,0.149,0.103,4.8,4.8,0.593,0.638,0.149,0.15,108.34,107.12,89.26,107.12,0.096,1154,3.5,7.2,48,34,34,256,326,326,72,78,78,504,243,476,149,201,169,24,24,84,54,381,394,14,30,30,205,201,221,34,2020-21
203490,Otto Porter Jr.,Otto,1610612753,ORL,28.0,28,12,16,0.429,21.7,3.5,8.1,0.432,1.4,3.7,0.375,1.3,1.5,0.857,1.0,4.4,5.4,2.0,0.9,0.6,0.1,0.2,1.5,1.6,9.7,-1.5,20.4,2,0,19.9,397,388,360,352,233,197,185,316,157,168,167,201,232,104,144,85,104,182,269,279,402,420,324,191,191,353,199,146,29,191,2,106.0,106.6,106.6,110.1,109.6,109.6,-4.1,-3.0,-3.0,0.133,2.2,16.9,0.044,0.198,0.121,7.7,7.7,0.518,0.552,0.184,0.189,102.74,102.64,85.53,102.64,0.116,1296,3.5,8.1,339,320,320,289,254,254,347,319,319,213,139,231,185,73,105,120,121,294,283,221,229,163,181,181,98,197,185,21,2020-21
200782,P.J. Tucker,P.J.,1610612749,MIL,36.0,52,27,25,0.519,26.1,1.3,3.4,0.373,0.8,2.3,0.336,0.4,0.5,0.75,1.0,2.9,3.9,1.2,0.8,0.8,0.4,0.2,2.4,1.0,3.7,-3.4,12.8,0,0,11.8,215,189,201,239,157,427,414,462,272,276,273,438,446,297,152,215,204,312,316,176,207,439,81,309,428,464,345,245,29,356,2,108.8,109.2,109.2,113.4,114.7,114.7,-4.6,-5.5,-5.5,0.057,1.53,21.0,0.035,0.113,0.073,13.7,13.8,0.486,0.51,0.072,0.073,102.81,101.99,84.99,101.99,0.034,2871,1.3,3.4,240,238,238,443,476,476,360,382,382,476,301,134,232,325,305,478,480,393,415,538,538,156,220,220,507,427,414,46,2020-21
1629023,P.J. Washington,P.J.,1610612766,CHA,22.0,64,31,33,0.484,30.5,4.7,10.7,0.44,1.8,4.5,0.386,1.7,2.3,0.745,1.5,5.1,6.5,2.5,2.0,1.1,1.2,0.8,2.7,2.1,12.9,0.5,29.4,10,0,28.3,89,130,72,278,92,129,109,276,114,122,142,146,134,315,85,56,64,139,69,68,23,68,43,128,123,182,90,57,29,89,1,109.2,110.4,110.4,110.0,109.8,109.8,-0.8,0.6,0.6,0.12,1.26,15.5,0.045,0.163,0.103,12.3,12.3,0.522,0.549,0.191,0.194,100.58,100.16,83.46,100.16,0.089,4081,4.7,10.7,221,195,195,284,263,263,262,216,216,239,369,284,184,142,168,430,430,278,295,192,205,347,359,359,252,129,109,33,2020-21
1628408,PJ Dozier,PJ,1610612743,DEN,24.0,50,36,14,0.72,21.8,3.0,7.1,0.417,0.9,3.0,0.315,0.8,1.3,0.636,0.7,2.9,3.6,1.8,0.9,0.6,0.4,0.5,1.7,1.4,7.7,3.9,17.1,0,0,16.2,238,82,379,38,232,250,225,366,238,212,326,294,266,434,228,217,221,204,255,248,184,155,240,222,253,45,262,245,29,260,1,111.0,112.0,112.0,102.1,102.5,102.5,8.9,9.5,9.5,0.116,2.0,17.7,0.031,0.133,0.082,8.8,8.8,0.483,0.501,0.166,0.171,99.96,99.31,82.76,99.31,0.076,2242,3.0,7.1,161,148,148,42,55,55,31,29,29,245,185,211,262,253,261,197,197,405,426,299,302,396,437,437,344,250,225,47,2020-21
1627783,Pascal Siakam,Pascal,1610612761,TOR,27.0,56,21,35,0.375,35.8,7.8,17.2,0.455,1.3,4.4,0.297,4.4,5.4,0.827,1.7,5.5,7.2,4.5,2.3,1.1,0.7,1.1,3.1,4.5,21.4,2.3,39.8,13,1,38.0,180,264,52,409,7,33,32,231,169,131,357,25,28,160,60,44,40,59,46,54,106,14,15,29,34,87,30,35,17,34,1,112.7,114.4,114.4,109.7,111.4,111.4,2.9,3.0,3.0,0.195,1.92,17.0,0.045,0.156,0.099,8.8,8.8,0.493,0.547,0.261,0.265,101.03,99.5,82.92,99.5,0.119,4161,7.8,17.2,124,79,79,265,341,341,140,137,137,114,215,230,182,170,188,195,199,375,311,44,45,310,417,417,90,33,32,27,2020-21
1626192,Pat Connaughton,Pat,1610612749,MIL,28.0,69,44,25,0.638,22.8,2.4,5.6,0.434,1.5,3.9,0.371,0.4,0.6,0.775,0.9,3.9,4.8,1.2,0.5,0.7,0.3,0.2,1.4,0.7,6.8,3.2,17.0,0,0,16.3,32,25,201,119,214,305,296,305,152,155,177,418,434,265,170,126,131,311,413,197,238,366,331,403,294,56,265,245,29,259,1,114.7,114.3,114.3,107.9,107.3,107.3,6.9,6.9,6.9,0.064,2.45,15.6,0.039,0.152,0.098,6.4,6.4,0.565,0.578,0.113,0.116,104.32,104.8,87.33,104.8,0.079,3431,2.4,5.6,68,86,86,158,149,149,62,60,60,454,99,276,213,186,192,70,71,140,189,503,504,82,69,69,326,305,296,46,2020-21
201976,Patrick Beverley,Patrick,1610612746,LAC,32.0,37,25,12,0.676,22.5,2.5,5.9,0.423,1.5,3.8,0.397,1.0,1.2,0.8,0.8,2.4,3.2,2.1,0.9,0.8,0.8,0.3,2.9,1.4,7.5,4.0,18.2,0,0,17.4,338,213,405,76,218,296,279,344,143,160,109,259,280,212,204,285,271,175,256,163,89,330,24,230,263,42,237,245,29,239,1,115.7,115.7,115.7,106.3,106.7,106.7,9.4,9.0,9.0,0.123,2.24,21.6,0.037,0.108,0.073,9.7,9.7,0.55,0.58,0.146,0.148,98.22,98.05,81.71,98.05,0.066,1698,2.5,5.9,53,54,54,111,122,122,28,36,36,234,134,122,225,346,299,269,275,185,187,394,406,498,503,503,409,296,279,47,2020-21
1627775,Patrick McCaw,Patrick,1610612761,TOR,25.0,5,2,3,0.4,6.7,0.2,0.2,1.0,0.0,0.0,0.0,0.6,0.6,1.0,0.2,0.4,0.6,0.8,0.0,0.4,0.0,0.0,1.2,0.4,1.0,-3.6,4.1,0,0,3.2,512,501,502,382,484,526,539,1,480,522,480,370,425,1,473,523,518,380,530,370,495,503,374,465,520,471,503,245,29,514,1,105.5,104.5,104.5,133.5,137.5,137.5,-28.0,-33.0,-33.0,0.19,0.0,66.7,0.027,0.071,0.046,0.0,0.0,1.0,1.078,0.026,0.031,95.13,94.21,78.51,94.21,0.057,67,0.2,0.2,360,382,382,536,537,537,527,532,532,117,524,1,292,497,488,1,1,1,1,540,540,536,540,540,455,526,539,27,2020-21
202335,Patrick Patterson,Patrick,1610612746,LAC,32.0,38,26,12,0.684,15.3,1.9,4.3,0.436,1.1,2.9,0.357,0.3,0.4,0.765,0.5,1.5,2.0,0.8,0.3,0.4,0.2,0.2,1.2,0.4,5.2,0.6,10.1,0,0,10.1,335,201,405,70,365,364,352,296,211,216,215,454,467,284,303,403,400,396,477,382,337,433,381,458,363,178,392,245,29,385,1,111.4,111.2,111.2,109.5,109.1,109.1,1.8,2.1,2.1,0.069,2.64,13.6,0.032,0.093,0.063,5.2,5.2,0.558,0.571,0.135,0.139,99.56,99.85,83.21,99.85,0.066,1209,1.9,4.3,153,168,168,255,227,227,170,171,171,426,80,339,258,419,374,34,34,160,216,433,437,425,391,391,408,364,352,47,2020-21
1630172,Patrick Williams,Patrick,1610612741,CHI,19.0,71,30,41,0.423,27.9,3.6,7.4,0.483,0.8,1.9,0.391,1.3,1.8,0.728,0.9,3.7,4.6,1.4,1.4,0.9,0.6,0.7,1.8,1.5,9.2,-4.1,20.1,3,0,19.1,12,143,25,365,130,188,211,157,275,314,122,203,203,341,165,145,152,267,140,120,110,82,231,201,205,488,202,115,29,206,1,106.2,106.3,106.3,112.8,113.5,113.5,-6.7,-7.1,-7.1,0.068,1.01,12.7,0.033,0.131,0.082,12.6,12.6,0.534,0.562,0.146,0.149,100.79,100.41,83.68,100.41,0.071,4151,3.6,7.4,333,331,331,420,434,434,411,424,424,433,422,365,249,258,255,442,441,238,250,391,401,328,342,342,382,188,211,31,2020-21
201988,Patty Mills,Patty,1610612759,SAS,32.0,68,31,37,0.456,24.8,3.7,9.0,0.412,2.4,6.3,0.375,1.0,1.1,0.91,0.3,1.4,1.7,2.4,1.0,0.6,0.0,0.3,1.2,1.3,10.8,0.4,17.5,0,0,18.6,47,130,37,317,181,181,162,376,50,43,165,240,296,42,442,408,421,146,245,252,480,336,378,243,169,198,256,245,29,217,1,107.7,107.8,107.8,106.5,106.4,106.4,1.2,1.4,1.4,0.142,2.45,18.7,0.01,0.053,0.032,7.6,7.6,0.544,0.57,0.177,0.182,102.0,101.97,84.97,101.97,0.079,3568,3.7,9.0,277,276,276,117,114,114,190,189,189,191,99,180,498,527,530,117,115,210,219,256,254,225,225,225,320,181,162,33,2020-21
202331,Paul George,Paul,1610612746,LAC,31.0,54,38,16,0.704,33.7,8.2,17.6,0.467,3.2,7.7,0.411,3.7,4.2,0.868,0.8,5.8,6.6,5.2,3.3,1.1,0.4,0.8,2.4,4.2,23.3,8.0,40.5,9,0,41.5,196,65,360,50,33,27,23,208,13,18,63,35,40,87,189,33,62,46,16,52,181,60,76,36,27,6,28,61,29,23,1,117.2,118.3,118.3,106.3,107.0,107.0,10.9,11.3,11.3,0.239,1.56,18.6,0.026,0.171,0.101,11.9,11.8,0.557,0.598,0.296,0.302,98.31,97.55,81.29,97.55,0.145,3707,8.2,17.6,26,18,18,113,135,135,26,22,22,67,295,184,301,125,179,404,403,164,138,18,19,492,522,522,41,27,23,47,2020-21
200794,Paul Millsap,Paul,1610612743,DEN,36.0,56,38,18,0.679,20.8,3.4,7.2,0.476,0.9,2.6,0.343,1.3,1.8,0.724,1.4,3.3,4.7,1.8,0.9,0.9,0.6,0.5,2.0,1.7,9.0,1.8,21.0,2,0,19.4,180,65,329,75,255,205,223,179,249,246,251,206,204,348,96,174,147,217,264,116,111,182,176,181,214,110,191,146,29,204,1,114.6,116.2,116.2,109.9,111.5,111.5,4.7,4.7,4.7,0.113,1.92,16.6,0.067,0.167,0.117,8.6,8.6,0.537,0.565,0.184,0.188,98.14,96.76,80.64,96.76,0.098,2339,3.4,7.2,70,45,45,275,344,344,99,101,101,253,217,240,101,133,115,180,180,226,239,220,232,502,537,537,182,205,223,47,2020-21
1630194,Paul Reed,Paul,1610612755,PHI,22.0,26,17,9,0.654,6.8,1.6,3.0,0.538,0.0,0.2,0.0,0.2,0.3,0.5,1.2,1.2,2.3,0.5,0.5,0.4,0.5,0.4,1.1,0.3,3.4,1.4,9.1,1,0,8.0,406,325,441,103,482,396,435,72,480,480,480,505,491,488,125,444,362,459,421,378,149,204,398,499,433,129,417,178,29,428,1,106.2,107.5,107.5,98.0,96.3,96.3,8.2,11.2,11.2,0.107,1.0,11.5,0.147,0.172,0.159,11.5,11.4,0.538,0.54,0.208,0.216,101.79,102.07,85.06,102.07,0.132,374,1.6,3.0,330,291,291,23,23,23,42,23,23,271,424,402,5,122,45,384,371,222,335,145,142,241,216,216,56,396,435,49,2020-21
1628778,Paul Watson,Paul,1610612761,TOR,26.0,27,13,14,0.481,11.0,1.4,3.0,0.463,1.1,2.4,0.469,0.2,0.3,0.625,0.1,1.5,1.7,0.6,0.3,0.2,0.1,0.3,1.3,0.3,4.1,-0.1,7.7,0,0,8.2,400,371,379,283,425,419,433,214,201,262,17,496,495,443,495,396,424,422,456,456,426,267,355,484,406,249,438,245,29,424,1,110.2,110.9,110.9,111.7,112.6,112.6,-1.5,-1.7,-1.7,0.081,1.89,15.2,0.012,0.129,0.07,8.0,8.1,0.646,0.649,0.133,0.136,102.55,101.77,84.81,101.77,0.071,632,1.4,3.0,190,175,175,373,403,403,284,280,280,366,220,293,467,263,318,152,155,23,40,441,447,180,240,240,378,419,433,27,2020-21
1630202,Payton Pritchard,Payton,1610612738,BOS,23.0,66,33,33,0.5,19.2,2.8,6.3,0.44,1.5,3.8,0.411,0.6,0.7,0.889,0.5,1.9,2.4,1.8,0.8,0.6,0.1,0.3,1.6,0.6,7.7,0.6,14.6,0,0,14.9,70,107,72,251,283,271,256,277,137,165,62,367,400,63,303,351,353,206,298,288,410,279,297,409,251,177,313,245,29,293,1,110.8,111.2,111.2,110.4,110.6,110.6,0.4,0.6,0.6,0.136,2.26,19.6,0.025,0.099,0.061,8.7,8.7,0.562,0.582,0.162,0.167,99.6,99.38,82.82,99.38,0.082,2636,2.8,6.3,166,169,169,313,303,303,223,218,218,203,126,154,314,387,379,185,187,149,182,325,319,422,431,431,303,271,256,36,2020-21
1630173,Precious Achiuwa,Precious,1610612748,MIA,21.0,61,31,30,0.508,12.1,2.0,3.7,0.544,0.0,0.0,0.0,0.9,1.8,0.509,1.2,2.2,3.4,0.5,0.7,0.3,0.5,0.5,1.5,1.3,5.0,-1.9,11.4,3,0,10.4,124,130,115,250,414,349,391,68,480,520,480,275,197,486,120,308,253,457,339,404,173,146,320,247,373,389,371,115,29,378,1,103.4,102.0,102.0,109.8,109.2,109.2,-6.4,-7.2,-7.2,0.064,0.67,8.3,0.097,0.174,0.136,12.3,12.3,0.544,0.55,0.184,0.191,100.42,101.39,84.5,101.39,0.086,1555,2.0,3.7,407,432,432,268,232,232,406,427,427,453,486,487,49,112,71,429,433,211,293,222,219,364,264,264,275,349,391,40,2020-21
1626188,Quinn Cook,Quinn,1610612739,CLE,28.0,23,13,10,0.565,6.8,1.3,3.0,0.426,0.5,1.1,0.423,0.3,0.3,0.875,0.1,0.7,0.7,0.8,0.3,0.2,0.0,0.3,0.4,0.2,3.3,-0.4,5.7,0,0,5.7,420,371,431,184,481,428,440,329,354,388,45,465,484,77,512,502,513,388,470,478,481,291,510,511,435,267,471,245,29,466,2,102.7,100.3,100.3,103.0,104.2,104.2,-0.3,-3.9,-3.9,0.184,2.57,18.8,0.012,0.084,0.049,7.3,7.3,0.507,0.531,0.204,0.214,101.9,102.49,85.41,102.49,0.098,338,1.3,3.0,423,456,456,51,68,68,242,344,344,123,86,176,479,455,469,97,97,324,361,150,145,230,188,188,185,428,440,22,2020-21
1629683,Quinndary Weatherspoon,Quinndary,1610612759,SAS,24.0,20,8,12,0.4,6.1,0.8,1.8,0.457,0.1,0.3,0.167,0.7,0.8,0.813,0.2,0.4,0.6,0.4,0.5,0.4,0.1,0.2,0.9,0.5,2.3,-3.0,4.6,0,0,4.3,435,434,405,382,492,482,493,227,465,469,462,356,372,195,494,523,522,477,403,370,435,396,443,446,477,448,495,245,29,497,1,94.9,94.3,94.3,118.2,116.9,116.9,-23.3,-22.6,-22.6,0.107,0.8,13.3,0.024,0.07,0.046,16.7,16.7,0.471,0.547,0.18,0.185,102.5,103.46,86.22,103.46,0.046,261,0.8,1.8,509,503,503,521,517,517,519,522,522,273,469,346,324,502,490,511,511,426,305,241,244,182,121,121,484,482,493,33,2020-21
1630181,R.J. Hampton,R.J.,1610612753,ORL,20.0,51,20,31,0.392,17.4,2.7,6.1,0.435,0.5,1.7,0.31,1.1,1.6,0.671,0.6,2.9,3.5,1.7,1.0,0.4,0.2,0.4,1.2,1.4,6.9,-5.6,14.5,3,0,13.9,226,279,105,394,315,278,268,303,335,342,336,235,223,405,279,216,231,221,212,367,350,245,375,241,289,517,317,115,29,311,2,103.0,102.6,102.6,115.7,116.7,116.7,-12.7,-14.2,-14.2,0.155,1.64,17.8,0.03,0.162,0.094,10.8,10.8,0.478,0.507,0.191,0.196,102.2,101.94,84.95,101.94,0.085,1879,2.7,6.1,415,422,422,503,514,514,485,496,496,166,274,210,269,148,205,344,346,415,421,191,194,205,230,230,279,278,268,21,2020-21
1629628,RJ Barrett,RJ,1610612752,NYK,21.0,72,41,31,0.569,34.9,6.5,14.7,0.441,1.7,4.3,0.401,2.9,3.8,0.746,0.9,4.8,5.8,3.0,1.9,0.7,0.3,1.2,2.6,3.1,17.6,1.9,30.1,5,0,30.1,1,43,105,179,16,64,55,275,118,138,91,59,49,314,159,64,88,115,78,182,278,7,54,63,61,108,80,90,29,74,1,108.3,110.0,110.0,105.9,107.2,107.2,2.4,2.7,2.7,0.134,1.56,14.1,0.027,0.13,0.079,9.0,9.0,0.499,0.535,0.228,0.232,98.96,97.54,81.29,97.54,0.095,5101,6.5,14.7,257,206,206,98,144,144,154,147,147,211,296,318,298,261,273,219,222,361,351,92,99,464,523,523,209,64,55,41,2020-21
200765,Rajon Rondo,Rajon,1610612746,LAC,35.0,45,28,17,0.622,17.1,2.1,4.8,0.442,0.8,2.0,0.404,0.4,0.4,0.941,0.4,2.0,2.4,4.4,1.8,0.8,0.1,0.4,1.2,0.7,5.4,0.5,15.9,0,0,14.9,279,177,346,128,327,343,328,270,265,311,84,451,480,27,361,337,344,61,91,148,449,240,382,386,349,189,285,245,29,294,2,108.2,107.7,107.7,107.4,106.8,106.8,0.9,1.0,1.0,0.375,2.52,39.8,0.023,0.113,0.069,15.8,15.8,0.526,0.544,0.166,0.173,98.57,99.08,82.57,99.08,0.11,1591,2.1,4.8,261,282,282,138,124,124,202,203,203,10,91,5,334,323,327,504,501,265,320,301,291,485,454,454,135,343,328,47,2020-21
203526,Raul Neto,Raul,1610612764,WAS,29.0,64,30,34,0.469,21.9,3.3,7.0,0.468,1.0,2.6,0.39,1.2,1.3,0.882,0.4,2.0,2.4,2.3,0.8,1.1,0.1,0.5,1.7,1.9,8.7,-0.3,17.9,0,0,16.9,89,143,61,299,226,221,232,204,218,245,129,217,265,69,343,340,347,156,291,55,444,168,247,151,223,259,245,245,29,245,1,109.2,109.3,109.3,109.6,110.3,110.3,-0.4,-1.0,-1.0,0.141,2.75,21.3,0.019,0.087,0.053,7.7,7.8,0.539,0.575,0.155,0.159,106.46,106.03,88.36,106.03,0.086,3104,3.3,7.0,222,233,233,259,289,289,250,266,266,194,67,127,381,444,447,127,128,220,205,356,360,30,41,41,274,221,232,34,2020-21
1629034,Ray Spalding,Ray,1610612745,HOU,24.0,2,0,2,0.0,9.4,1.0,2.0,0.5,0.0,0.5,0.0,0.0,1.0,0.0,1.0,1.0,2.0,0.0,1.5,0.0,1.0,0.0,1.5,0.5,2.0,-3.5,5.9,0,0,6.0,532,531,515,531,447,460,477,120,480,446,480,521,311,521,144,456,393,531,127,511,47,503,315,446,488,468,468,245,29,460,1,91.7,90.9,90.9,108.3,106.8,106.8,-16.6,-15.9,-15.9,0.0,0.0,0.0,0.083,0.083,0.083,37.5,38.1,0.5,0.41,0.157,0.156,111.46,112.74,93.95,112.74,-0.026,44,1.0,2.0,516,514,514,179,126,126,505,502,502,531,524,531,68,459,251,536,536,350,507,352,373,4,6,6,531,460,477,17,2020-21
1629730,Rayjon Tucker,Rayjon,1610612755,PHI,23.0,14,8,6,0.571,4.9,0.6,1.3,0.5,0.1,0.5,0.286,1.0,1.4,0.737,0.1,0.7,0.8,0.4,0.3,0.1,0.0,0.2,0.6,1.1,2.4,-0.9,4.2,0,0,4.1,463,434,475,176,509,498,514,120,429,446,369,246,258,326,513,493,507,470,478,480,495,384,496,277,473,308,501,245,29,500,1,98.3,96.1,96.1,108.9,101.3,101.3,-10.6,-5.2,-5.2,0.154,1.5,16.2,0.012,0.164,0.075,10.8,11.0,0.556,0.645,0.176,0.177,104.06,109.17,90.98,109.17,0.119,153,0.6,1.3,481,499,499,224,47,47,467,375,375,167,305,254,481,141,292,343,355,167,45,257,270,92,16,16,92,498,514,49,2020-21
203493,Reggie Bullock Jr.,Reggie,1610612752,NYK,30.0,65,38,27,0.585,30.0,3.8,8.6,0.442,2.5,6.1,0.41,0.8,0.8,0.909,0.2,3.2,3.4,1.5,0.7,0.8,0.2,0.2,2.2,0.5,10.9,1.6,19.5,0,0,20.3,81,65,163,161,99,174,172,269,39,55,70,318,363,43,448,187,248,247,342,156,380,396,113,442,167,121,216,245,29,188,1,108.3,109.7,109.7,106.1,107.2,107.2,2.1,2.5,2.5,0.072,2.2,13.8,0.008,0.102,0.056,6.3,6.2,0.587,0.606,0.14,0.145,98.39,97.29,81.08,97.29,0.074,3955,3.8,8.6,259,220,220,106,142,142,162,156,156,410,139,334,508,374,423,61,61,91,110,417,420,489,530,530,357,174,172,41,2020-21
202704,Reggie Jackson,Reggie,1610612746,LAC,31.0,67,43,24,0.642,23.0,3.9,8.7,0.45,1.8,4.2,0.433,1.0,1.2,0.817,0.4,2.5,2.9,3.1,1.1,0.6,0.1,0.3,1.9,1.2,10.7,3.7,19.7,0,0,19.9,58,33,216,115,209,167,168,246,104,141,33,246,278,182,391,273,308,111,197,256,432,303,197,259,172,49,212,245,29,196,1,116.5,116.7,116.7,108.9,109.3,109.3,7.6,7.4,7.4,0.185,2.77,22.8,0.016,0.107,0.063,8.2,8.2,0.554,0.576,0.195,0.2,99.35,99.08,82.57,99.08,0.091,3192,3.9,8.7,39,40,40,219,238,238,49,51,51,121,65,99,415,350,369,160,163,176,200,174,181,436,452,452,238,167,168,47,2020-21
1629617,Reggie Perry,Reggie,1610612751,BKN,21.0,26,18,8,0.692,8.1,1.2,3.0,0.41,0.2,0.8,0.19,0.4,0.5,0.769,1.0,1.8,2.8,0.5,0.6,0.2,0.2,0.4,1.5,0.3,3.0,-1.4,8.0,1,0,7.4,406,312,454,64,468,431,435,383,426,417,454,445,453,274,138,372,314,437,388,452,321,204,306,483,447,344,436,178,29,438,1,108.2,106.1,106.1,113.7,113.4,113.4,-5.5,-7.3,-7.3,0.097,0.93,12.5,0.117,0.204,0.16,13.4,13.3,0.436,0.466,0.19,0.199,100.79,101.96,84.97,101.96,0.064,446,1.2,3.0,263,340,340,450,429,429,385,429,429,305,450,372,27,65,40,467,465,463,475,197,184,327,227,227,423,431,435,48,2020-21
1626158,Richaun Holmes,Richaun,1610612758,SAC,27.0,61,29,32,0.475,29.2,6.0,9.4,0.637,0.0,0.2,0.182,2.2,2.8,0.794,2.4,5.9,8.3,1.7,1.2,0.6,1.6,0.5,3.5,2.4,14.2,0.1,32.1,21,0,28.6,124,158,88,292,115,72,144,20,469,486,458,95,100,234,27,32,24,233,164,238,10,162,8,101,100,220,69,21,29,84,1,113.8,114.9,114.9,113.0,114.6,114.6,0.8,0.3,0.3,0.082,1.35,12.3,0.081,0.196,0.14,9.1,9.1,0.638,0.669,0.173,0.177,101.68,100.46,83.72,100.46,0.122,3728,6.0,9.4,85,66,66,429,474,474,204,226,226,363,349,382,73,75,65,232,229,29,24,271,271,251,336,336,85,72,144,31,2020-21
201937,Ricky Rubio,Ricky,1610612750,MIN,30.0,68,23,45,0.338,26.1,2.8,7.3,0.388,1.0,3.1,0.308,1.9,2.2,0.867,0.4,2.9,3.3,6.4,1.6,1.4,0.1,0.5,2.0,2.0,8.6,-2.7,24.9,4,0,22.2,47,234,11,433,158,262,215,438,228,203,339,116,139,94,352,228,264,19,108,19,470,174,157,131,228,437,129,105,29,157,1,108.0,109.3,109.3,112.9,114.3,114.3,-5.0,-5.0,-5.0,0.33,3.9,39.2,0.014,0.11,0.06,10.0,10.0,0.454,0.516,0.155,0.158,104.59,103.33,86.1,103.33,0.098,3816,2.8,7.3,273,235,235,428,462,462,368,373,373,21,18,6,447,337,390,298,295,447,398,358,361,66,128,128,186,262,215,23,2020-21
203496,Robert Covington,Robert,1610612757,POR,30.0,70,42,28,0.6,32.0,2.9,7.3,0.401,1.9,5.1,0.379,0.7,0.9,0.806,0.9,5.8,6.7,1.7,0.9,1.4,1.2,0.2,2.8,1.0,8.5,2.9,26.0,6,0,24.0,21,36,143,143,63,254,217,409,91,95,159,338,351,204,175,35,61,229,259,18,24,370,30,329,229,62,119,77,29,132,1,117.0,118.6,118.6,112.9,113.8,113.8,4.1,4.8,4.8,0.066,1.83,16.3,0.026,0.183,0.102,8.9,8.9,0.533,0.553,0.114,0.115,100.79,99.68,83.07,99.68,0.072,4649,2.9,7.3,30,14,14,424,448,448,113,100,100,440,231,251,310,97,176,203,208,240,280,498,507,329,406,406,374,254,217,42,2020-21
1629606,Robert Franks,Robert,1610612753,ORL,24.0,7,0,7,0.0,14.4,1.9,4.0,0.464,0.7,2.1,0.333,1.7,1.9,0.923,0.9,1.1,2.0,0.7,0.3,0.4,0.4,0.1,1.1,1.6,6.1,-3.6,11.9,0,0,11.3,501,531,466,531,379,370,371,212,289,287,281,141,186,34,181,447,393,406,478,353,186,445,389,197,322,470,361,245,29,362,1,106.9,106.0,106.0,119.9,120.5,120.5,-13.0,-14.4,-14.4,0.07,2.5,12.2,0.053,0.082,0.066,4.9,4.9,0.554,0.638,0.148,0.152,101.13,101.27,84.4,101.27,0.091,215,1.9,4.0,305,341,341,526,531,531,488,498,498,420,92,387,151,464,348,25,27,179,52,383,388,300,272,272,235,370,371,21,2020-21
1629057,Robert Williams III,Robert,1610612738,BOS,23.0,52,29,23,0.558,18.9,3.6,5.0,0.721,0.0,0.0,0.0,0.9,1.4,0.616,2.6,4.3,6.9,1.8,1.0,0.8,1.8,0.2,2.0,1.1,8.0,0.2,25.7,4,0,21.9,215,158,233,191,291,191,316,6,480,515,480,288,248,452,20,91,52,207,227,144,7,439,166,285,242,218,122,105,29,160,1,113.0,112.4,112.4,112.6,112.0,112.0,0.4,0.4,0.4,0.137,1.81,21.6,0.136,0.232,0.184,12.0,11.9,0.721,0.719,0.145,0.15,99.43,99.97,83.31,99.97,0.152,2052,3.6,5.0,106,139,139,411,377,377,225,224,224,201,241,120,10,39,18,407,405,7,8,398,396,433,379,379,29,191,316,36,2020-21
1630218,Robert Woodard II,Robert,1610612758,SAC,21.0,13,3,10,0.231,3.5,0.6,1.5,0.4,0.1,0.5,0.167,0.2,0.6,0.375,0.3,0.9,1.2,0.2,0.1,0.0,0.2,0.0,0.3,0.4,1.5,0.8,3.9,0,0,3.5,467,482,431,495,528,500,500,411,450,456,462,486,417,512,417,467,469,513,527,511,321,503,521,473,506,163,508,245,29,508,1,115.9,107.5,107.5,105.4,101.0,101.0,10.5,6.6,6.6,0.056,2.0,7.4,0.08,0.235,0.158,3.7,3.8,0.425,0.425,0.21,0.222,103.66,110.0,91.67,110.0,0.079,106,0.6,1.5,45,288,288,85,40,40,27,67,67,481,185,500,78,35,46,18,18,478,499,140,124,107,12,12,323,500,500,31,2020-21
201577,Robin Lopez,Robin,1610612764,WAS,33.0,71,34,37,0.479,19.1,3.8,6.0,0.633,0.1,0.3,0.278,1.4,1.9,0.723,2.0,1.8,3.8,0.8,1.1,0.2,0.6,0.4,1.5,2.0,9.0,-0.2,16.2,3,0,15.4,12,100,37,285,287,176,278,21,455,474,383,187,177,350,43,357,209,393,210,463,118,246,307,141,210,253,280,115,29,281,1,106.6,107.9,107.9,108.7,109.0,109.0,-2.1,-1.1,-1.1,0.06,0.73,9.0,0.097,0.092,0.095,12.2,12.2,0.639,0.661,0.169,0.172,104.41,103.69,86.41,103.69,0.102,2933,3.8,6.0,316,274,274,206,222,222,297,267,267,466,480,469,48,426,203,424,421,28,30,287,298,78,113,113,161,176,278,34,2020-21
1629066,Rodions Kurucs,Rodions,1610612749,MIL,23.0,21,10,11,0.476,5.9,0.5,1.5,0.344,0.3,1.0,0.286,0.1,0.2,0.75,0.2,0.9,1.1,0.5,0.6,0.4,0.2,0.1,0.8,0.1,1.5,-0.1,4.7,0,0,4.6,429,411,422,289,494,507,502,491,395,396,369,507,515,297,450,477,474,456,371,353,355,475,466,523,509,248,492,245,29,488,3,102.6,102.5,102.5,106.0,102.8,102.8,-3.4,-0.3,-0.3,0.115,0.77,17.5,0.037,0.134,0.086,22.8,22.9,0.438,0.459,0.145,0.149,107.41,109.08,90.9,109.08,0.044,282,0.5,1.5,428,426,426,102,56,56,328,244,244,248,474,214,221,247,239,528,527,460,483,397,403,19,17,17,492,507,502,46,2020-21
203918,Rodney Hood,Rodney,1610612761,TOR,28.0,55,29,26,0.527,17.1,1.7,4.7,0.362,0.6,2.1,0.301,0.4,0.5,0.857,0.4,1.5,1.9,1.0,0.7,0.4,0.1,0.1,1.3,0.7,4.5,-2.4,9.2,0,0,9.1,189,158,181,228,326,385,332,475,315,299,352,426,452,104,350,404,408,352,362,349,416,444,354,397,392,423,412,245,29,410,2,106.8,107.4,107.4,113.7,114.0,114.0,-6.9,-6.6,-6.6,0.083,1.47,14.7,0.023,0.084,0.052,10.0,10.0,0.427,0.452,0.139,0.143,100.11,99.67,83.06,99.67,0.037,1957,1.7,4.7,308,293,293,448,456,456,416,413,413,360,313,301,337,456,449,292,293,475,487,420,421,383,407,407,504,385,332,27,2020-21
203585,Rodney McGruder,Rodney,1610612765,DET,29.0,16,3,13,0.188,12.1,2.3,4.4,0.529,0.7,1.5,0.458,0.4,0.5,0.75,0.5,0.9,1.4,1.0,0.4,0.5,0.1,0.1,0.8,0.6,5.7,-1.1,10.1,0,0,9.9,456,482,391,515,413,317,347,81,298,357,18,448,453,297,303,474,458,341,429,312,467,488,467,415,333,325,394,245,29,390,1,111.6,111.7,111.7,115.5,115.8,115.8,-3.9,-4.0,-4.0,0.128,2.29,16.7,0.042,0.078,0.06,7.3,7.3,0.607,0.619,0.179,0.186,97.48,97.28,81.07,97.28,0.097,392,2.3,4.4,147,155,155,499,503,503,340,347,347,225,122,236,197,483,394,97,97,61,79,249,240,521,531,531,195,317,347,20,2020-21
1629641,Romeo Langford,Romeo,1610612738,BOS,21.0,18,9,9,0.5,15.7,1.2,3.3,0.356,0.3,1.0,0.278,0.5,0.7,0.75,0.7,1.3,1.9,0.7,0.6,0.3,0.3,0.3,1.3,1.0,3.1,-3.7,7.8,0,0,7.3,443,427,441,251,358,439,420,483,399,396,383,397,401,297,240,430,403,403,393,396,278,324,355,309,441,478,437,245,29,440,1,98.2,98.1,98.1,108.8,108.2,108.2,-10.6,-10.1,-10.1,0.069,1.3,14.9,0.04,0.077,0.059,11.5,11.5,0.398,0.436,0.111,0.115,100.45,100.75,83.96,100.75,0.03,590,1.2,3.3,482,482,482,209,185,185,465,462,462,427,362,295,206,487,402,380,379,500,494,508,509,360,318,318,512,439,420,36,2020-21
1626178,Rondae Hollis-Jefferson,Rondae,1610612757,POR,26.0,11,6,5,0.545,9.8,0.8,1.6,0.5,0.0,0.1,0.0,0.8,1.5,0.563,1.0,1.4,2.4,1.2,0.2,0.2,0.4,0.2,1.4,1.0,2.5,-0.6,8.5,0,0,7.1,479,456,481,206,441,479,497,120,480,501,480,303,242,477,144,417,358,309,512,476,223,415,352,309,470,290,429,245,29,444,1,112.1,111.7,111.7,113.0,112.8,112.8,-0.9,-1.1,-1.1,0.169,6.5,31.7,0.08,0.14,0.107,4.9,5.0,0.5,0.539,0.105,0.106,100.32,100.65,83.88,100.65,0.074,223,0.8,1.6,134,156,156,432,408,408,268,268,268,143,4,20,77,228,153,25,29,350,340,515,520,369,323,323,355,479,497,42,2020-21
1626220,Royce O'Neale,Royce,1610612762,UTA,28.0,71,51,20,0.718,31.6,2.5,5.5,0.444,1.5,3.9,0.385,0.5,0.6,0.848,1.2,5.6,6.8,2.5,1.2,0.8,0.5,0.1,2.6,1.0,7.0,6.6,21.6,3,0,20.4,12,4,284,40,71,302,298,266,146,157,145,383,409,123,112,41,54,135,175,155,178,457,65,328,286,11,179,115,29,187,1,116.8,117.7,117.7,105.8,107.3,107.3,11.0,10.4,10.4,0.103,2.18,26.6,0.039,0.162,0.104,12.2,12.2,0.58,0.599,0.095,0.096,100.61,99.48,82.9,99.48,0.074,4639,2.5,5.5,33,22,22,94,150,150,24,26,26,280,143,53,209,146,165,422,427,103,133,527,529,343,422,422,356,302,298,52,2020-21
200752,Rudy Gay,Rudy,1610612759,SAS,34.0,63,29,34,0.46,21.6,4.2,10.0,0.42,1.7,4.4,0.381,1.3,1.6,0.804,0.7,4.1,4.8,1.4,1.0,0.7,0.6,0.3,1.8,1.3,11.4,2.1,22.2,1,0,22.0,99,158,61,313,236,154,128,351,122,127,154,199,220,207,240,104,132,266,222,193,115,267,215,255,153,102,163,178,29,159,1,108.1,108.4,108.4,104.3,103.9,103.9,3.8,4.5,4.5,0.1,1.35,10.7,0.028,0.176,0.102,7.9,7.9,0.505,0.532,0.23,0.235,101.23,101.26,84.38,101.26,0.108,2865,4.2,10.0,266,260,260,66,65,65,121,107,107,288,345,427,283,109,178,138,139,333,360,89,89,293,276,276,143,154,128,33,2020-21
203497,Rudy Gobert,Rudy,1610612762,UTA,29.0,71,52,19,0.732,30.8,5.5,8.2,0.675,0.0,0.1,0.0,3.3,5.3,0.623,3.4,10.1,13.5,1.3,1.7,0.6,2.7,0.6,2.3,4.9,14.3,10.3,40.5,49,0,35.5,12,1,306,28,87,94,184,11,480,508,480,42,32,447,8,1,2,295,102,285,2,125,102,22,98,4,29,3,29,44,1,117.5,116.8,116.8,100.8,100.9,100.9,16.6,15.9,15.9,0.059,0.75,9.4,0.11,0.288,0.205,12.4,12.4,0.675,0.683,0.166,0.171,101.07,101.32,84.43,101.32,0.165,4613,5.5,8.2,17,37,37,34,39,39,7,11,11,472,476,465,34,12,10,433,434,14,18,304,303,306,269,269,16,94,184,52,2020-21
1629060,Rui Hachimura,Rui,1610612764,WAS,23.0,57,29,28,0.509,31.5,5.4,11.4,0.478,0.8,2.4,0.328,2.2,2.8,0.77,0.9,4.6,5.5,1.4,1.2,0.8,0.1,0.9,2.1,2.1,13.8,-1.9,24.1,3,0,23.3,172,158,143,248,72,98,100,169,267,258,299,97,97,273,180,72,102,262,170,170,420,40,139,124,105,392,148,115,29,145,1,108.6,109.5,109.5,110.8,112.4,112.4,-2.2,-2.8,-2.8,0.062,1.21,9.4,0.026,0.139,0.083,7.8,7.8,0.513,0.549,0.18,0.182,106.71,105.48,87.9,105.48,0.082,3950,5.4,11.4,248,225,225,332,392,392,301,315,315,462,379,462,304,232,254,132,134,309,297,243,255,27,48,48,306,98,100,34,2020-21
201566,Russell Westbrook,Russell,1610612764,WAS,32.0,65,30,35,0.462,36.4,8.4,19.0,0.439,1.3,4.2,0.315,4.2,6.4,0.656,1.7,9.9,11.5,11.7,4.8,1.4,0.4,1.1,2.9,4.8,22.2,-1.4,54.1,59,38,50.3,81,143,52,311,4,25,13,280,164,142,327,30,15,418,62,2,7,1,2,26,229,15,23,24,30,342,2,2,1,4,1,108.5,109.2,109.2,110.0,110.4,110.4,-1.5,-1.2,-1.2,0.477,2.45,30.6,0.043,0.249,0.147,12.5,12.5,0.474,0.509,0.295,0.3,107.71,107.18,89.32,107.18,0.164,5279,8.4,19.0,250,241,241,285,292,292,283,271,271,1,103,28,192,26,58,435,438,422,416,19,20,17,29,29,17,25,13,34,2020-21
1627853,Ryan Arcidiacono,Ryan,1610612741,CHI,27.0,44,20,24,0.455,10.2,1.1,2.7,0.419,0.6,1.5,0.373,0.3,0.5,0.65,0.1,1.4,1.5,1.3,0.2,0.2,0.0,0.1,1.1,0.9,3.1,0.2,7.2,0,0,6.9,290,279,216,318,434,447,451,361,327,356,173,468,465,424,504,413,442,289,498,466,495,484,410,357,442,210,446,245,29,447,1,106.2,104.0,104.0,105.4,104.0,104.0,0.8,0.0,0.0,0.176,5.6,29.3,0.011,0.135,0.074,5.2,5.2,0.526,0.541,0.128,0.135,97.54,99.21,82.68,99.21,0.078,936,1.1,2.7,331,389,389,82,66,66,203,232,232,131,6,37,486,244,296,37,36,264,332,455,452,517,445,445,331,447,451,31,2020-21
1630240,Saben Lee,Saben,1610612765,DET,22.0,48,14,34,0.292,16.3,2.1,4.4,0.471,0.2,0.5,0.348,1.3,1.9,0.685,0.4,1.6,2.0,3.6,1.1,0.7,0.3,0.5,1.6,1.7,5.6,-1.9,15.1,0,0,13.3,251,357,61,467,345,346,347,194,421,452,238,205,187,394,351,386,392,82,184,218,288,148,293,171,338,383,303,245,29,326,1,105.9,105.4,105.4,111.3,111.7,111.7,-5.4,-6.3,-6.3,0.333,3.16,36.3,0.026,0.099,0.063,11.5,11.5,0.49,0.536,0.171,0.175,98.87,98.91,82.42,98.91,0.096,1614,2.1,4.4,344,352,352,355,358,358,383,401,401,17,39,11,308,389,373,378,383,384,350,277,277,468,468,468,201,346,347,20,2020-21
1630180,Saddiq Bey,Saddiq,1610612765,DET,22.0,70,19,51,0.271,27.3,4.0,9.9,0.404,2.5,6.6,0.38,1.8,2.1,0.844,0.6,3.9,4.5,1.4,0.9,0.7,0.2,0.5,1.6,1.4,12.2,-3.0,21.7,3,0,22.5,21,298,3,481,144,164,135,402,40,36,157,132,151,134,259,121,155,272,279,180,342,166,299,232,138,452,177,115,29,151,1,104.5,105.6,105.6,109.9,111.2,111.2,-5.3,-5.6,-5.6,0.077,1.58,10.5,0.022,0.145,0.082,6.6,6.6,0.53,0.567,0.182,0.187,100.55,99.47,82.89,99.47,0.092,3960,4.0,9.9,382,348,348,273,335,335,379,386,386,391,289,434,349,213,258,78,76,251,229,231,237,349,423,423,234,164,135,20,2020-21
1630241,Sam Merrill,Sam,1610612749,MIL,25.0,30,18,12,0.6,7.8,1.1,2.4,0.444,0.7,1.6,0.447,0.1,0.1,1.0,0.2,0.8,1.0,0.7,0.3,0.3,0.0,0.2,0.6,0.2,3.0,-1.3,5.8,0,0,6.0,385,312,405,143,470,454,459,263,292,351,24,508,517,1,473,480,483,410,456,440,486,396,497,514,450,336,469,245,29,462,1,103.6,101.2,101.2,109.8,109.7,109.7,-6.2,-8.5,-8.5,0.135,2.1,20.0,0.024,0.094,0.06,9.5,9.5,0.59,0.603,0.146,0.152,103.42,104.73,87.27,104.73,0.084,510,1.1,2.4,397,441,441,269,259,259,401,442,442,208,166,145,319,413,391,253,259,86,118,390,384,121,74,74,294,454,459,46,2020-21
1630253,Sean McDermott,Sean,1610612763,MEM,24.0,18,10,8,0.556,8.8,0.7,1.8,0.394,0.3,1.2,0.227,0.4,0.4,1.0,0.3,0.7,1.1,0.2,0.2,0.1,0.2,0.1,0.4,0.2,2.2,-3.2,4.4,0,0,4.3,443,411,454,193,459,491,487,424,399,383,433,420,468,1,398,492,479,505,502,491,382,466,506,508,480,458,496,245,29,498,1,89.1,89.1,89.1,107.8,106.8,106.8,-18.7,-17.7,-17.7,0.043,1.0,8.9,0.031,0.087,0.055,8.9,9.0,0.47,0.534,0.101,0.105,102.92,103.34,86.12,103.34,0.052,341,0.7,1.8,522,516,516,155,125,125,514,513,513,503,424,470,265,446,429,203,216,431,354,521,521,149,125,125,469,491,487,38,2020-21
1629635,Sekou Doumbouya,Sekou,1610612765,DET,20.0,56,15,41,0.268,15.5,1.9,5.0,0.379,0.5,2.1,0.226,0.8,1.1,0.703,0.7,1.9,2.6,0.8,0.8,0.4,0.2,0.5,1.7,0.9,5.1,-2.4,10.4,0,0,10.1,180,344,25,482,360,363,314,448,355,300,434,307,297,375,231,354,336,375,312,353,388,150,260,345,367,420,387,245,29,386,1,105.2,104.5,104.5,110.6,111.5,111.5,-5.4,-6.9,-6.9,0.08,1.07,11.7,0.045,0.117,0.082,10.9,11.0,0.426,0.459,0.176,0.181,99.26,99.17,82.64,99.17,0.045,1792,1.9,5.0,367,379,379,321,343,343,381,420,420,371,408,399,183,310,260,350,350,477,481,258,260,446,449,449,486,363,314,20,2020-21
1628400,Semi Ojeleye,Semi,1610612738,BOS,26.0,56,28,28,0.5,17.0,1.6,3.9,0.403,1.0,2.8,0.367,0.4,0.6,0.75,0.6,2.1,2.6,0.7,0.4,0.3,0.0,0.2,1.0,0.6,4.6,0.1,9.3,0,0,9.6,180,177,143,251,332,400,374,404,214,221,191,429,438,297,286,328,328,415,443,415,495,420,419,407,387,226,407,245,29,398,1,107.7,107.6,107.6,108.0,107.8,107.8,-0.3,-0.2,-0.2,0.054,1.76,12.6,0.032,0.121,0.076,7.2,7.2,0.534,0.553,0.114,0.118,98.81,99.0,82.5,99.0,0.063,1963,1.6,3.9,276,286,286,167,165,165,241,239,239,483,250,368,257,288,285,95,95,239,279,497,498,472,461,461,427,400,374,36,2020-21
201586,Serge Ibaka,Serge,1610612746,LAC,31.0,41,24,17,0.585,23.3,4.5,8.9,0.51,1.0,2.8,0.339,1.0,1.3,0.811,1.8,4.9,6.7,1.8,1.1,0.2,1.1,0.3,1.9,1.6,11.1,3.8,24.9,5,0,23.3,310,223,346,160,206,138,165,105,233,222,264,238,271,198,55,63,59,209,206,460,30,332,207,196,162,46,130,90,29,146,1,117.2,117.5,117.5,109.0,110.1,110.1,8.2,7.4,7.4,0.11,1.68,14.7,0.08,0.217,0.15,8.7,8.7,0.563,0.585,0.2,0.204,98.24,97.67,81.39,97.67,0.115,1948,4.5,8.9,24,23,23,230,272,272,41,49,49,259,265,302,76,52,55,188,190,144,175,162,165,497,518,518,102,138,165,47,2020-21
203552,Seth Curry,Seth,1610612755,PHI,30.0,57,39,18,0.684,28.7,4.5,9.7,0.467,2.2,4.9,0.45,1.2,1.4,0.896,0.2,2.2,2.4,2.7,1.1,0.8,0.1,0.3,1.7,1.1,12.5,5.6,21.0,0,0,21.6,172,56,329,70,119,139,138,205,61,104,22,216,261,53,484,309,356,131,186,170,408,320,256,282,134,18,189,245,29,165,1,113.8,114.7,114.7,105.4,106.5,106.5,8.4,8.2,8.2,0.131,2.38,19.4,0.006,0.074,0.042,8.1,8.1,0.582,0.607,0.169,0.173,101.29,100.4,83.66,100.4,0.084,3444,4.5,9.7,83,71,71,83,118,118,37,40,40,218,112,163,513,492,511,156,153,99,107,284,288,282,345,345,284,139,138,49,2020-21
1628983,Shai Gilgeous-Alexander,Shai,1610612760,OKC,22.0,35,16,19,0.457,33.7,8.2,16.1,0.508,2.0,4.9,0.418,5.3,6.5,0.808,0.5,4.2,4.7,5.9,3.0,0.8,0.7,1.1,2.0,5.3,23.7,-5.3,39.5,3,0,39.3,354,331,306,314,35,28,41,110,74,109,52,14,13,201,290,100,140,28,26,172,108,11,169,16,25,513,31,115,29,28,1,106.1,107.2,107.2,113.3,114.9,114.9,-7.2,-7.7,-7.7,0.311,1.95,21.2,0.015,0.119,0.067,10.8,10.8,0.571,0.623,0.283,0.288,101.33,100.1,83.42,100.1,0.146,2462,8.2,16.1,334,298,298,441,484,484,423,434,434,26,206,129,432,295,343,346,345,122,74,31,34,279,363,363,37,28,41,22,2020-21
1629003,Shake Milton,Shake,1610612755,PHI,24.0,63,46,17,0.73,23.2,4.8,10.6,0.45,1.1,3.2,0.35,2.3,2.8,0.83,0.5,1.8,2.3,3.1,1.6,0.6,0.3,0.8,2.1,2.4,13.0,2.1,21.5,0,0,21.3,99,14,346,29,208,122,113,244,198,200,230,90,98,155,296,361,361,110,106,249,270,72,151,100,122,100,182,245,29,170,1,108.5,109.3,109.3,104.5,105.0,105.0,4.0,4.3,4.3,0.21,1.87,18.6,0.022,0.076,0.049,9.9,9.9,0.503,0.549,0.239,0.246,102.04,101.45,84.54,101.45,0.101,3087,4.8,10.6,252,237,237,69,91,91,115,109,109,94,224,183,344,489,465,286,287,342,299,70,69,222,257,257,164,122,113,49,2020-21
1627885,Shaquille Harrison,Shaquille,1610612743,DEN,27.0,34,27,7,0.794,9.8,0.8,2.3,0.333,0.1,0.5,0.188,0.5,0.6,0.818,0.2,1.2,1.4,0.7,0.3,0.5,0.1,0.3,1.0,0.5,2.1,-2.2,6.6,0,0,5.7,360,189,466,14,439,486,468,494,446,453,456,391,411,173,472,440,453,402,464,312,399,336,433,439,482,412,453,245,29,467,2,100.5,98.2,98.2,108.0,108.3,108.3,-7.5,-10.1,-10.1,0.109,2.27,20.2,0.02,0.117,0.068,8.9,8.9,0.353,0.416,0.124,0.13,101.82,102.89,85.74,102.89,0.047,711,0.8,2.3,461,480,480,166,188,188,428,463,463,265,124,143,369,306,332,201,205,509,503,469,465,235,165,165,480,486,468,47,2020-21
1628414,Sindarius Thornwell,Sindarius,1610612753,ORL,26.0,21,7,14,0.333,10.3,0.7,2.2,0.326,0.3,1.1,0.304,0.2,0.4,0.5,0.1,0.7,0.9,1.0,0.3,0.6,0.1,0.1,0.7,0.3,2.0,-0.4,6.3,0,0,5.6,429,445,379,434,433,492,474,505,381,392,347,494,479,488,497,493,502,341,456,249,440,445,475,496,491,263,459,245,29,469,2,103.4,102.6,102.6,105.5,104.6,104.6,-2.1,-2.0,-2.0,0.135,3.0,26.9,0.013,0.067,0.039,9.0,9.0,0.402,0.414,0.11,0.113,99.59,100.39,83.66,100.39,0.043,454,0.7,2.2,406,417,417,88,79,79,298,295,295,208,43,50,460,509,520,211,221,498,504,511,512,423,347,347,498,492,474,21,2020-21
1630219,Skylar Mays,Skylar,1610612737,ATL,23.0,33,19,14,0.576,8.2,1.3,3.0,0.449,0.4,1.2,0.35,0.7,0.8,0.88,0.3,0.8,1.1,0.9,0.3,0.4,0.1,0.2,0.5,0.6,3.8,0.4,7.6,0,0,7.1,364,298,379,174,466,421,439,250,363,385,227,350,381,72,419,484,478,359,482,360,469,355,504,427,424,199,441,245,29,443,1,108.9,107.0,107.0,107.2,105.6,105.6,1.7,1.4,1.4,0.18,3.33,20.1,0.037,0.095,0.066,6.0,6.1,0.52,0.569,0.186,0.194,97.45,99.05,82.54,99.05,0.113,558,1.3,3.0,234,305,305,133,98,98,173,191,191,129,34,144,223,405,355,54,57,284,225,213,204,523,457,457,117,421,439,41,2020-21
203524,Solomon Hill,Solomon,1610612737,ATL,30.0,71,41,30,0.577,21.3,1.5,4.2,0.359,1.0,3.0,0.321,0.5,0.6,0.761,0.6,2.4,3.0,1.1,0.6,0.7,0.2,0.1,1.6,0.5,4.5,0.4,11.7,0,0,11.2,12,43,115,172,241,410,364,479,231,211,316,401,409,288,272,287,295,332,384,200,392,465,273,445,393,202,369,245,29,364,1,112.9,111.6,111.6,110.9,110.6,110.6,2.0,1.0,1.0,0.065,1.79,17.2,0.028,0.111,0.07,9.7,9.6,0.473,0.498,0.102,0.105,99.22,99.93,83.28,99.93,0.045,3148,1.5,4.2,112,159,159,340,301,301,166,199,199,446,245,221,287,335,321,268,270,423,432,520,523,450,383,383,490,410,364,41,2020-21
203915,Spencer Dinwiddie,Spencer,1610612751,BKN,28.0,3,2,1,0.667,21.4,2.0,5.3,0.375,0.7,2.3,0.286,2.0,2.0,1.0,0.0,4.3,4.3,3.0,1.7,0.7,0.3,0.0,1.3,1.3,6.7,14.0,17.7,0,0,16.7,527,501,527,79,237,352,304,455,301,270,369,110,161,1,518,90,170,116,101,218,238,503,355,244,302,1,251,245,29,247,1,117.0,118.4,118.4,88.5,88.7,88.7,28.6,29.8,29.8,0.173,1.8,27.3,0.0,0.151,0.088,15.2,15.3,0.438,0.536,0.154,0.155,105.96,105.2,87.67,105.2,0.102,141,2.0,5.3,29,16,16,7,11,11,4,4,4,135,243,45,518,189,226,496,497,460,348,363,376,35,54,54,163,352,304,48,2020-21
1626169,Stanley Johnson,Stanley,1610612761,TOR,25.0,61,25,36,0.41,16.5,1.5,3.8,0.382,0.7,2.2,0.328,0.7,0.9,0.8,0.5,2.0,2.5,1.5,0.9,0.9,0.3,0.2,1.9,0.9,4.4,-2.6,12.1,2,0,11.4,124,213,45,380,341,412,385,446,283,280,299,334,342,212,324,338,339,260,272,136,266,351,195,355,396,432,357,146,29,358,1,104.4,105.3,105.3,111.5,111.7,111.7,-7.0,-6.4,-6.4,0.127,1.65,22.3,0.027,0.128,0.075,13.5,13.5,0.479,0.519,0.13,0.134,102.33,101.77,84.81,101.77,0.056,2122,1.5,3.8,385,355,355,363,363,363,419,405,405,227,271,110,295,270,294,470,470,414,389,451,455,195,242,242,456,412,385,27,2020-21
201939,Stephen Curry,Stephen,1610612744,GSW,33.0,63,37,26,0.587,34.2,10.4,21.7,0.482,5.3,12.7,0.421,5.7,6.3,0.916,0.5,5.0,5.5,5.8,3.4,1.2,0.1,0.9,1.9,4.6,32.0,3.9,47.9,8,0,51.3,99,73,181,158,25,2,2,160,1,1,49,11,17,39,335,58,100,32,15,36,417,46,200,27,1,44,7,64,29,1,1,112.8,114.2,114.2,108.5,109.6,109.6,4.3,4.6,4.6,0.283,1.7,17.4,0.013,0.135,0.077,10.2,10.1,0.605,0.655,0.331,0.34,106.34,105.16,87.63,105.16,0.181,4725,10.4,21.7,115,87,87,197,252,252,110,102,102,39,263,220,453,243,282,309,304,63,37,5,4,32,55,55,8,2,2,39,2020-21
1628425,Sterling Brown,Sterling,1610612745,HOU,26.0,51,14,37,0.275,24.1,2.9,6.6,0.448,1.8,4.2,0.423,0.5,0.6,0.806,0.7,3.6,4.4,1.4,0.8,0.7,0.2,0.3,1.9,0.6,8.2,-3.0,17.7,2,0,17.7,226,357,37,480,191,251,246,253,111,140,44,402,423,204,219,148,165,265,297,179,317,282,194,431,237,450,252,146,29,231,1,104.8,105.5,105.5,109.5,110.8,110.8,-4.7,-5.4,-5.4,0.088,1.76,15.6,0.029,0.147,0.086,8.9,8.9,0.584,0.597,0.133,0.136,103.11,102.14,85.11,102.14,0.082,2608,2.9,6.6,378,351,351,251,317,317,364,379,379,343,252,277,279,208,238,205,202,97,144,440,444,141,213,213,305,251,246,17,2020-21
203500,Steven Adams,Steven,1610612740,NOP,27.0,58,26,32,0.448,27.7,3.3,5.3,0.614,0.0,0.1,0.0,1.0,2.3,0.444,3.7,5.2,8.9,1.9,1.3,0.9,0.7,0.3,1.9,2.2,7.6,0.3,24.5,13,1,21.5,157,201,88,325,136,222,306,37,480,513,480,243,130,508,4,49,21,191,146,105,109,262,185,112,261,207,139,35,17,168,1,113.2,114.9,114.9,114.4,115.0,115.0,-1.2,-0.1,-0.1,0.088,1.42,19.8,0.132,0.187,0.16,13.9,14.0,0.614,0.596,0.118,0.119,100.06,99.08,82.57,99.08,0.09,3320,3.3,5.3,101,64,64,471,486,486,275,233,233,339,326,151,13,93,43,481,481,53,146,488,497,385,453,453,242,222,306,31,2020-21
1629004,Svi Mykhailiuk,Svi,1610612760,OKC,24.0,66,13,53,0.197,20.1,3.2,7.7,0.411,1.6,4.8,0.334,0.6,0.8,0.76,0.4,2.1,2.5,1.7,1.3,0.8,0.2,0.4,1.0,0.8,8.5,-3.5,15.5,0,0,16.1,70,371,1,513,261,236,198,379,134,115,280,381,381,289,387,323,340,230,148,169,364,203,435,363,230,466,294,245,29,266,2,103.2,103.8,103.8,111.8,112.0,112.0,-8.5,-8.2,-8.2,0.127,1.25,15.2,0.017,0.104,0.059,12.2,12.1,0.515,0.529,0.19,0.196,102.66,102.27,85.23,102.27,0.077,2823,3.2,7.7,410,394,394,377,376,376,446,439,439,226,371,292,410,368,400,417,416,299,367,198,195,170,204,204,338,236,198,22,2020-21
1628388,T.J. Leaf,T.J.,1610612757,POR,24.0,7,6,1,0.857,5.1,0.7,1.4,0.5,0.0,0.0,0.0,0.3,0.3,1.0,0.0,0.7,0.7,0.1,0.3,0.3,0.1,0.3,0.1,0.1,1.7,-2.9,3.8,0,0,3.4,501,456,527,7,504,492,507,120,480,522,480,471,497,1,518,493,514,518,478,423,402,312,526,519,501,442,509,245,29,511,1,89.8,85.9,85.9,116.1,110.7,110.7,-26.3,-24.8,-24.8,0.038,0.5,7.1,0.0,0.106,0.055,14.3,14.4,0.5,0.551,0.138,0.146,109.35,114.52,95.44,114.52,0.084,85,0.7,1.4,520,523,523,508,310,310,524,523,523,510,502,501,518,355,431,487,489,350,287,424,413,9,5,5,289,492,507,42,2020-21
204456,T.J. McConnell,T.J.,1610612754,IND,29.0,69,33,36,0.478,26.0,4.0,7.1,0.559,0.2,0.7,0.313,0.5,0.7,0.688,0.8,2.9,3.7,6.6,2.0,1.9,0.3,0.4,1.6,1.0,8.6,1.0,27.6,5,1,23.6,32,107,45,286,159,165,224,55,411,425,331,407,397,392,198,220,216,18,73,2,238,191,271,297,225,151,100,90,17,137,1,111.7,112.5,112.5,108.9,110.0,110.0,2.8,2.5,2.5,0.337,3.38,41.4,0.03,0.106,0.068,12.3,12.2,0.574,0.583,0.149,0.152,104.56,103.73,86.44,103.73,0.119,3869,4.0,7.1,142,135,135,227,268,268,142,155,155,15,31,4,268,361,333,428,428,115,181,380,386,69,108,108,91,165,224,34,2020-21
203933,T.J. Warren,T.J.,1610612754,IND,27.0,4,3,1,0.75,29.3,6.8,12.8,0.529,0.0,1.8,0.0,2.0,2.5,0.8,0.5,3.0,3.5,1.3,1.0,0.5,0.0,0.5,4.0,3.0,15.5,0.3,22.1,0,0,21.3,519,482,527,18,110,56,80,80,480,337,480,110,112,212,303,204,233,296,227,312,495,155,1,69,81,208,168,245,29,172,1,108.2,111.3,111.3,109.6,108.7,108.7,-1.4,2.6,2.6,0.06,1.25,7.9,0.017,0.106,0.06,6.3,6.2,0.529,0.56,0.213,0.218,103.45,102.44,85.36,102.44,0.072,248,6.8,12.8,262,166,166,258,203,203,280,153,153,469,371,492,409,358,385,69,63,254,254,131,137,118,190,190,375,56,80,34,2020-21
1629605,Tacko Fall,Tacko,1610612738,BOS,25.0,19,13,6,0.684,7.1,1.1,1.5,0.724,0.0,0.0,0.0,0.3,0.8,0.333,0.8,1.9,2.7,0.2,0.3,0.1,1.1,0.2,1.2,0.6,2.5,1.4,9.0,0,0,7.6,440,371,475,70,478,449,501,5,480,522,480,475,373,513,186,350,318,512,465,507,44,433,386,410,469,131,422,245,29,434,1,120.7,113.9,113.9,105.7,107.6,107.6,15.0,6.3,6.3,0.028,0.5,6.7,0.123,0.237,0.184,13.3,13.5,0.724,0.66,0.127,0.135,101.19,103.23,86.02,103.23,0.102,295,1.1,1.5,5,97,97,93,162,162,9,71,71,521,502,508,22,33,17,463,468,6,33,461,451,297,133,133,160,449,501,36,2020-21
201959,Taj Gibson,Taj,1610612752,NYK,36.0,45,29,16,0.644,20.8,2.2,3.5,0.627,0.1,0.3,0.2,0.9,1.2,0.727,2.2,3.4,5.6,0.8,0.5,0.7,1.1,0.3,2.2,1.2,5.4,2.9,18.1,0,0,15.3,279,158,360,113,253,333,408,23,456,463,443,284,279,342,34,169,96,380,411,210,38,284,126,266,353,64,240,245,29,282,1,110.7,110.5,110.5,102.7,103.1,103.1,8.0,7.3,7.3,0.054,1.64,14.9,0.102,0.151,0.127,9.1,9.2,0.636,0.661,0.095,0.098,97.79,97.67,81.39,97.67,0.095,1899,2.2,3.5,168,193,193,48,59,59,43,53,53,484,275,296,41,193,85,231,236,32,31,525,528,514,517,517,216,333,408,41,2020-21
1629659,Talen Horton-Tucker,Talen,1610612747,LAL,20.0,65,39,26,0.6,20.1,3.4,7.5,0.458,0.6,2.0,0.282,1.5,2.0,0.775,0.4,2.2,2.6,2.8,1.6,1.0,0.3,0.5,2.0,1.7,9.0,0.2,18.6,4,0,17.5,81,56,181,143,262,203,206,225,326,305,380,168,171,264,375,307,330,128,111,98,249,153,183,176,213,212,228,105,29,233,1,105.5,105.8,105.8,103.9,104.7,104.7,1.6,1.0,1.0,0.209,1.72,21.9,0.019,0.104,0.063,12.7,12.6,0.496,0.536,0.21,0.217,101.29,100.77,83.97,100.77,0.094,2731,3.4,7.5,358,344,344,58,84,84,177,197,197,96,258,116,374,367,370,446,443,367,349,139,138,283,317,317,219,203,206,42,2020-21
1627752,Taurean Prince,Taurean,1610612739,CLE,27.0,41,15,26,0.366,22.1,3.2,8.0,0.401,1.5,3.8,0.4,1.6,1.9,0.855,0.5,3.0,3.5,1.9,1.1,0.7,0.6,0.4,1.8,1.6,9.5,-3.1,19.0,0,0,18.8,310,344,181,417,224,231,190,410,144,164,93,159,188,113,330,204,241,202,183,214,133,248,214,199,197,456,218,245,29,212,2,109.1,108.5,108.5,114.2,114.6,114.6,-5.0,-6.1,-6.1,0.121,1.62,15.8,0.021,0.132,0.077,9.8,9.7,0.495,0.54,0.189,0.196,101.63,101.72,84.76,101.72,0.08,1913,3.2,8.0,225,257,257,466,473,473,371,396,396,238,280,269,355,255,279,276,276,368,337,202,197,258,245,245,317,231,190,22,2020-21
1629611,Terance Mann,Terance,1610612746,LAC,24.0,67,45,22,0.672,18.9,2.7,5.2,0.509,0.6,1.4,0.418,1.2,1.4,0.83,0.8,2.8,3.6,1.6,0.6,0.4,0.2,0.5,1.9,1.1,7.0,0.5,15.0,2,0,14.0,58,19,245,78,294,279,310,107,328,369,53,219,249,153,188,245,225,245,382,352,354,154,201,276,283,191,307,146,29,307,1,112.6,112.4,112.4,109.2,109.7,109.7,3.4,2.7,2.7,0.114,2.6,19.4,0.044,0.14,0.093,7.5,7.5,0.563,0.603,0.144,0.15,100.06,99.93,83.27,99.93,0.091,2612,2.7,5.2,126,141,141,235,256,256,131,148,148,251,84,159,190,229,213,106,108,146,119,399,398,386,385,385,237,279,310,47,2020-21
1629056,Terence Davis,Terence,1610612758,SAC,24.0,61,26,35,0.426,17.6,3.2,7.5,0.428,1.6,4.4,0.367,0.7,0.9,0.818,0.3,2.2,2.5,1.4,1.0,0.7,0.2,0.5,1.6,0.9,8.7,-1.1,15.6,0,0,16.1,124,201,52,357,312,230,207,327,133,133,192,328,342,173,409,313,337,270,220,188,325,162,290,340,221,328,290,245,29,265,2,106.8,107.3,107.3,109.6,110.1,110.1,-2.8,-2.8,-2.8,0.122,1.32,13.3,0.018,0.125,0.07,10.1,10.1,0.535,0.555,0.213,0.219,102.71,102.23,85.19,102.23,0.087,2286,3.2,7.5,309,296,296,257,274,274,316,312,312,237,359,351,399,277,322,301,303,234,270,132,135,167,207,207,272,230,207,31,2020-21
1628390,Terrance Ferguson,Terrance,1610612755,PHI,23.0,13,10,3,0.769,3.8,0.1,0.5,0.143,0.0,0.4,0.0,0.0,0.0,0.0,0.0,0.1,0.1,0.2,0.3,0.1,0.0,0.0,0.5,0.0,0.2,-1.5,0.4,0,0,0.5,467,411,502,16,523,533,534,529,480,460,480,521,523,521,518,534,537,513,467,499,495,503,500,527,534,348,535,245,29,535,1,94.7,88.8,88.8,112.7,106.5,106.5,-18.1,-17.8,-17.8,0.057,0.5,15.4,0.0,0.024,0.011,30.8,30.8,0.143,0.143,0.094,0.102,98.04,104.14,86.78,104.14,-0.065,107,0.1,0.5,511,517,517,416,119,119,512,514,514,475,502,286,518,534,537,534,534,530,533,528,524,505,95,95,535,533,534,49,2020-21
203082,Terrence Ross,Terrence,1610612753,ORL,30.0,46,16,30,0.348,29.3,5.5,13.4,0.412,1.9,5.7,0.337,2.6,3.0,0.87,0.3,3.1,3.4,2.3,1.6,1.0,0.5,0.6,1.9,2.2,15.6,-5.1,26.1,0,0,26.3,268,331,115,428,113,92,65,377,89,64,272,70,88,83,410,195,246,149,113,84,175,114,191,113,80,511,117,245,29,105,1,102.7,103.2,103.2,111.8,112.0,112.0,-9.0,-8.8,-8.8,0.133,1.46,12.7,0.01,0.104,0.054,8.7,8.6,0.485,0.53,0.23,0.238,100.54,100.24,83.54,100.24,0.09,2818,5.5,13.4,421,409,409,379,375,375,452,446,446,212,321,364,497,365,436,189,182,400,365,87,83,350,354,354,244,92,65,21,2020-21
1626179,Terry Rozier,Terry,1610612766,CHA,27.0,69,32,37,0.464,34.5,7.4,16.4,0.45,3.2,8.3,0.389,2.4,2.9,0.817,0.7,3.7,4.4,4.2,1.9,1.3,0.4,0.5,1.7,2.5,20.4,-1.3,35.1,5,0,35.5,32,115,37,305,19,42,39,245,12,12,132,83,92,184,237,143,167,69,82,32,216,143,238,95,39,337,59,90,29,45,1,109.6,110.9,110.9,112.1,112.9,112.9,-2.5,-2.0,-2.0,0.193,2.29,18.0,0.019,0.105,0.061,7.9,7.8,0.548,0.575,0.238,0.244,100.57,99.64,83.03,99.64,0.113,4953,7.4,16.4,204,177,177,392,416,416,307,296,296,115,121,201,382,363,380,135,130,193,203,73,71,348,413,413,120,42,39,33,2020-21
201152,Thaddeus Young,Thaddeus,1610612741,CHI,33.0,68,30,38,0.441,24.3,5.4,9.7,0.559,0.2,0.7,0.267,1.0,1.7,0.628,2.5,3.8,6.2,4.3,2.0,1.1,0.6,0.6,2.2,2.1,12.1,2.1,29.0,7,0,26.1,47,143,32,333,187,97,137,56,420,428,396,240,216,440,23,139,70,68,68,66,128,128,116,127,142,97,91,70,29,107,1,114.4,114.2,114.2,110.1,110.1,110.1,4.3,4.1,4.1,0.253,2.12,25.7,0.105,0.154,0.13,12.1,12.0,0.568,0.578,0.216,0.224,99.89,100.03,83.36,100.03,0.128,3445,5.4,9.7,72,90,90,290,271,271,108,114,114,58,159,66,37,179,81,413,409,133,192,127,120,401,372,372,66,97,137,31,2020-21
203648,Thanasis Antetokounmpo,Thanasis,1610612749,MIL,28.0,57,37,20,0.649,9.7,1.2,2.4,0.489,0.1,0.5,0.241,0.4,0.9,0.51,0.9,1.2,2.2,0.8,0.8,0.4,0.2,0.2,1.3,0.8,2.9,-0.2,7.7,1,0,7.1,172,73,284,107,443,437,458,144,435,445,426,425,362,485,158,436,377,379,324,377,375,386,363,361,452,254,440,178,29,442,1,109.5,107.1,107.1,106.8,104.6,104.6,2.7,2.5,2.5,0.113,1.07,18.6,0.093,0.113,0.103,17.4,17.4,0.515,0.523,0.147,0.154,104.29,106.62,88.85,106.62,0.055,1204,1.2,2.4,210,304,304,123,77,77,148,157,157,252,407,182,58,321,167,518,517,300,378,388,378,83,33,33,457,437,458,46,2020-21
1630177,Theo Maledon,Theo,1610612760,OKC,20.0,65,20,45,0.308,27.3,3.5,9.4,0.368,1.6,4.8,0.335,1.6,2.1,0.748,0.4,2.9,3.2,3.5,2.2,0.9,0.2,0.3,1.9,1.8,10.1,-9.6,20.2,1,0,20.5,81,279,11,451,142,200,142,470,132,111,274,166,155,313,375,230,267,92,59,134,380,308,186,163,182,537,200,178,29,185,1,96.5,97.2,97.2,113.2,113.6,113.6,-16.7,-16.5,-16.5,0.197,1.61,21.8,0.012,0.101,0.055,13.6,13.5,0.454,0.489,0.188,0.192,103.78,103.27,86.05,103.27,0.063,3829,3.5,9.4,501,491,491,438,442,442,508,505,505,112,284,117,463,380,434,472,472,448,445,206,213,103,130,130,426,200,142,22,2020-21
1629033,Theo Pinson,Theo,1610612752,NYK,25.0,17,9,8,0.529,2.0,0.1,0.5,0.111,0.0,0.5,0.0,0.0,0.0,0.0,0.0,0.3,0.3,0.1,0.1,0.0,0.0,0.0,0.2,0.0,0.1,-0.9,0.5,0,0,0.5,452,427,454,225,540,534,535,532,480,453,480,521,523,521,518,528,532,528,528,511,495,503,523,527,535,315,533,245,29,537,1,97.4,85.2,85.2,110.0,101.2,101.2,-12.6,-16.0,-16.0,0.063,1.0,9.1,0.0,0.114,0.063,9.1,9.1,0.111,0.111,0.118,0.135,104.35,116.28,96.9,116.28,-0.04,81,0.1,0.5,496,527,527,287,45,45,484,503,503,460,424,467,518,319,368,227,230,532,535,490,449,80,4,4,532,534,535,41,2020-21
1628418,Thomas Bryant,Thomas,1610612764,WAS,23.0,10,2,8,0.2,27.1,5.9,9.1,0.648,0.9,2.1,0.429,1.6,2.4,0.667,1.8,4.3,6.1,1.5,1.1,0.4,0.8,0.2,3.1,2.2,14.3,-1.4,26.4,1,0,25.2,485,501,454,509,146,75,154,17,246,292,35,158,120,407,54,93,73,250,198,370,82,396,17,117,97,346,112,178,29,115,1,111.4,113.6,113.6,113.9,115.7,115.7,-2.4,-2.1,-2.1,0.079,1.36,12.1,0.063,0.163,0.111,8.9,8.6,0.698,0.704,0.163,0.17,109.16,107.31,89.42,107.31,0.111,605,5.9,9.1,151,106,106,458,500,500,304,297,297,387,341,388,116,144,130,201,184,10,12,321,306,11,27,27,132,75,154,34,2020-21
1627748,Thon Maker,Thon,1610612739,CLE,24.0,8,3,5,0.375,9.6,1.3,2.3,0.556,0.0,0.3,0.0,1.3,1.4,0.909,1.0,1.3,2.3,0.5,0.4,0.3,0.5,0.1,0.9,1.3,3.8,-2.3,9.1,0,0,8.0,495,482,481,409,445,429,470,61,480,475,480,207,255,43,144,434,369,444,443,443,149,458,452,256,426,415,418,245,29,425,1,97.2,92.3,92.3,101.1,103.2,103.2,-3.9,-10.9,-10.9,0.1,1.33,13.3,0.093,0.118,0.105,10.0,10.1,0.556,0.657,0.145,0.154,96.16,97.61,81.34,97.61,0.134,155,1.3,2.3,498,511,511,35,60,60,341,473,473,289,350,346,56,303,158,292,302,167,35,396,380,532,520,520,51,429,470,22,2020-21
204025,Tim Frazier,Tim,1610612763,MEM,30.0,5,5,0,1.0,12.4,0.6,4.0,0.15,0.0,1.6,0.0,0.4,1.2,0.333,0.0,1.6,1.6,3.2,0.8,0.4,0.2,0.4,1.4,0.8,1.6,1.0,9.3,0,0,7.6,512,465,536,1,409,502,371,528,480,348,480,439,282,513,518,388,431,107,300,370,342,219,346,369,503,153,406,245,29,433,1,93.5,98.5,98.5,91.0,90.6,90.6,2.6,7.8,7.8,0.333,4.0,37.2,0.0,0.107,0.054,9.3,9.4,0.15,0.177,0.178,0.176,107.9,105.35,87.79,105.35,0.012,133,0.6,4.0,514,475,475,10,14,14,150,45,45,17,14,9,518,352,438,244,248,529,532,252,272,16,50,50,523,502,371,38,2020-21
203501,Tim Hardaway Jr.,Tim,1610612742,DAL,29.0,70,42,28,0.6,28.4,5.8,13.0,0.447,3.0,7.6,0.391,2.0,2.5,0.816,0.3,3.0,3.3,1.8,0.9,0.4,0.2,0.4,1.6,2.2,16.6,1.0,24.1,0,0,25.8,21,36,143,143,126,78,71,259,19,22,122,106,114,187,430,210,265,211,259,347,391,219,292,120,68,152,146,245,29,109,1,113.6,114.3,114.3,111.6,112.3,112.3,2.0,2.1,2.1,0.098,1.97,10.7,0.01,0.101,0.056,5.5,5.4,0.56,0.589,0.23,0.236,99.21,98.62,82.19,98.62,0.102,4073,5.8,13.0,89,82,82,369,388,388,165,173,173,299,203,423,495,378,419,39,40,152,161,88,86,451,480,480,162,78,71,42,2020-21
1627789,Timothe Luwawu-Cabarrot,Timothe,1610612751,BKN,26.0,58,38,20,0.655,18.1,2.2,6.1,0.365,1.3,4.1,0.314,0.6,0.7,0.814,0.5,1.7,2.2,1.2,0.7,0.6,0.1,0.3,1.7,0.7,6.4,-0.4,12.1,0,0,12.4,157,65,284,101,304,327,267,472,170,146,330,368,387,193,321,375,373,305,329,281,434,340,243,384,315,271,358,245,29,346,1,112.9,112.5,112.5,112.5,112.9,112.9,0.4,-0.4,-0.4,0.088,1.6,14.2,0.026,0.092,0.059,8.8,8.8,0.471,0.493,0.165,0.17,103.01,103.06,85.88,103.06,0.047,2247,2.2,6.1,109,134,134,409,414,414,224,247,247,339,286,315,307,427,397,199,201,430,438,307,308,147,147,147,482,327,267,48,2020-21
202699,Tobias Harris,Tobias,1610612755,PHI,28.0,62,44,18,0.71,32.5,7.6,14.9,0.512,1.3,3.4,0.394,2.9,3.3,0.892,1.0,5.8,6.8,3.5,1.7,0.9,0.8,1.0,1.9,2.1,19.5,5.2,36.4,11,0,34.6,116,25,329,45,53,37,52,103,165,191,117,57,68,59,144,37,55,88,97,129,79,27,190,125,48,21,49,51,29,53,1,112.3,113.3,113.3,104.7,106.1,106.1,7.6,7.2,7.2,0.175,2.06,16.5,0.032,0.17,0.104,8.0,8.0,0.556,0.597,0.237,0.242,101.51,100.42,83.68,100.42,0.145,4223,7.6,14.9,128,115,115,71,110,110,48,55,55,132,177,244,255,128,166,150,149,165,142,74,74,263,340,340,39,37,52,49,2020-21
203107,Tomas Satoransky,Tomas,1610612741,CHI,29.0,58,25,33,0.431,22.5,2.9,5.7,0.514,0.7,2.0,0.356,1.2,1.4,0.848,0.5,1.9,2.4,4.7,1.7,0.7,0.2,0.3,1.5,1.6,7.7,0.0,18.8,1,0,17.4,157,213,72,348,217,255,292,97,286,302,217,221,256,122,300,348,343,56,104,209,315,340,308,198,252,230,224,178,29,235,1,109.9,109.4,109.4,109.4,110.1,110.1,0.5,-0.8,-0.8,0.278,2.82,37.3,0.024,0.087,0.055,13.2,13.1,0.578,0.614,0.15,0.155,99.35,99.25,82.71,99.25,0.096,2711,2.9,5.7,198,232,232,246,278,278,220,262,262,43,60,8,328,444,426,458,457,105,88,375,377,435,441,441,204,255,292,31,2020-21
1628396,Tony Bradley,Tony,1610612760,OKC,23.0,42,15,27,0.357,16.3,3.1,4.7,0.665,0.0,0.1,0.0,0.9,1.3,0.691,2.0,3.7,5.7,0.9,0.8,0.4,0.7,0.4,1.5,1.1,7.1,-0.4,17.7,3,0,15.9,303,344,163,422,344,240,335,14,480,503,480,281,268,389,40,146,91,365,312,391,95,201,325,277,279,263,250,115,29,269,2,109.1,108.7,108.7,111.4,110.5,110.5,-2.3,-1.8,-1.8,0.077,1.12,12.6,0.121,0.224,0.172,11.3,11.3,0.665,0.678,0.154,0.157,101.74,102.32,85.27,102.32,0.132,1463,3.1,4.7,226,252,252,359,297,297,302,288,288,392,391,368,23,47,24,367,368,17,19,363,367,245,198,198,55,240,335,22,2020-21
203503,Tony Snell,Tony,1610612737,ATL,29.0,47,29,18,0.617,21.1,1.9,3.6,0.515,1.3,2.3,0.569,0.2,0.2,1.0,0.4,2.0,2.4,1.3,0.4,0.3,0.2,0.2,1.6,0.3,5.3,1.4,11.1,0,0,11.3,256,158,329,133,245,367,402,94,166,274,4,484,510,1,377,340,357,294,427,432,319,426,288,503,354,132,375,245,29,363,1,114.8,113.8,113.8,111.3,111.6,111.6,3.5,2.2,2.2,0.08,2.81,23.1,0.019,0.09,0.056,8.2,8.2,0.696,0.708,0.084,0.088,98.55,98.85,82.37,98.85,0.06,2051,1.9,3.6,66,100,100,358,356,356,129,163,163,376,63,95,386,439,424,161,160,11,10,535,535,486,471,471,437,367,402,41,2020-21
1628470,Torrey Craig,Torrey,1610612756,PHX,30.0,50,33,17,0.66,16.1,2.2,4.5,0.48,0.8,2.1,0.368,0.3,0.4,0.773,1.1,2.8,3.9,1.0,0.5,0.6,0.5,0.2,1.7,0.6,5.5,-1.9,14.5,2,0,13.4,238,107,346,94,350,335,339,164,270,290,188,455,469,270,126,241,200,349,403,289,143,379,268,435,345,390,318,146,29,322,2,112.9,111.0,111.0,115.5,114.7,114.7,-2.6,-3.7,-3.7,0.084,1.96,15.7,0.07,0.185,0.125,8.0,8.0,0.566,0.579,0.141,0.146,97.98,99.2,82.67,99.2,0.086,1645,2.2,4.5,108,173,173,501,475,475,310,338,338,355,205,273,96,94,92,151,151,135,188,413,414,506,446,446,273,335,339,51,2020-21
1629027,Trae Young,Trae,1610612737,ATL,22.0,63,36,27,0.571,33.7,7.7,17.7,0.438,2.2,6.3,0.343,7.7,8.7,0.886,0.6,3.3,3.9,9.4,4.1,0.8,0.2,1.0,1.8,6.8,25.3,4.2,43.1,28,0,42.8,99,82,163,176,32,35,22,290,66,44,253,2,4,65,264,178,206,3,4,139,355,23,233,3,15,39,22,16,29,19,1,118.1,118.2,118.2,112.3,113.0,113.0,5.9,5.2,5.2,0.426,2.28,26.9,0.018,0.094,0.057,11.8,11.8,0.499,0.589,0.32,0.326,100.85,100.5,83.75,100.5,0.15,4464,7.7,17.7,10,19,19,396,419,419,79,89,89,3,123,52,393,417,412,403,401,360,158,7,7,322,334,334,32,35,22,41,2020-21
1630200,Tre Jones,Tre,1610612759,SAS,21.0,37,15,22,0.405,7.3,1.0,2.1,0.474,0.1,0.1,0.6,0.5,0.5,0.895,0.2,0.4,0.6,1.1,0.4,0.2,0.0,0.2,0.4,0.6,2.5,-2.2,5.1,0,0,4.7,338,344,245,381,474,460,475,184,449,493,3,414,450,55,469,527,520,333,453,462,495,382,519,432,465,414,482,245,29,484,1,98.0,98.4,98.4,114.6,112.2,112.2,-16.6,-13.8,-13.8,0.228,3.0,28.1,0.028,0.049,0.038,9.4,9.4,0.494,0.544,0.159,0.162,99.98,100.88,84.06,100.88,0.084,562,1.0,2.1,484,477,477,480,386,386,506,492,492,77,43,41,286,529,521,248,249,372,319,342,346,394,306,306,291,460,475,33,2020-21
1629682,Tremont Waters,Tremont,1610612738,BOS,23.0,26,13,13,0.5,9.1,1.3,3.2,0.405,0.6,1.5,0.395,0.6,0.7,0.941,0.2,0.6,0.8,2.4,1.0,0.6,0.0,0.2,0.7,0.6,3.8,-0.4,9.2,0,0,8.8,406,371,391,251,453,424,423,396,324,362,115,363,407,27,478,506,506,145,213,276,484,408,482,426,423,265,413,245,29,415,1,107.0,106.1,106.1,107.7,108.0,108.0,-0.7,-2.0,-2.0,0.38,2.3,34.3,0.021,0.062,0.042,14.9,15.0,0.494,0.541,0.204,0.21,102.76,103.0,85.83,103.0,0.11,510,1.3,3.2,301,338,338,153,176,176,259,294,294,8,119,16,360,520,509,495,495,369,329,153,152,159,149,149,133,424,423,36,2020-21
1630235,Trent Forrest,Trent,1610612762,UTA,23.0,30,22,8,0.733,10.1,1.1,2.4,0.451,0.2,0.9,0.192,0.6,0.6,1.0,0.4,1.1,1.5,1.5,0.7,0.3,0.1,0.1,0.7,0.6,2.9,-1.6,7.5,0,0,6.9,385,252,454,26,437,454,463,242,421,413,453,359,414,1,384,453,446,250,340,417,413,471,470,433,451,368,442,245,29,446,1,109.9,108.2,108.2,116.2,115.9,115.9,-6.3,-7.7,-7.7,0.205,2.14,30.8,0.038,0.111,0.075,14.4,14.4,0.486,0.554,0.144,0.148,97.91,98.78,82.31,98.78,0.078,621,1.1,2.4,196,267,267,509,504,504,403,435,435,103,154,25,219,332,293,490,490,392,273,402,404,508,477,477,332,454,463,52,2020-21
2772,Trevor Ariza,Trevor,1610612748,MIA,36.0,30,17,13,0.567,28.0,3.3,8.0,0.411,1.7,4.8,0.35,1.1,1.5,0.773,0.9,3.9,4.8,1.8,0.7,1.0,0.6,0.3,1.8,1.5,9.4,1.3,22.1,1,0,21.0,385,325,391,182,129,220,188,380,126,113,231,230,239,270,172,125,133,205,340,78,124,299,213,208,199,133,166,178,29,177,1,113.6,113.8,113.8,109.0,111.0,111.0,4.6,2.8,2.8,0.089,2.62,16.4,0.033,0.15,0.09,6.3,6.2,0.515,0.542,0.149,0.151,99.34,98.34,81.95,98.34,0.077,1719,3.3,8.0,90,101,101,229,325,325,103,143,143,336,82,247,246,200,221,61,65,302,326,379,391,439,492,492,334,220,188,40,2020-21
203504,Trey Burke,Trey,1610612742,DAL,28.0,62,35,27,0.565,14.7,2.4,5.7,0.428,0.9,2.6,0.354,0.8,0.9,0.895,0.2,0.7,0.9,1.3,0.5,0.6,0.1,0.3,1.0,1.0,6.6,0.2,11.2,0,0,11.1,116,94,163,186,372,304,290,326,240,236,220,302,339,55,488,496,500,282,397,272,424,329,416,330,304,209,374,245,29,366,1,111.6,111.5,111.5,111.1,110.2,110.2,0.5,1.3,1.3,0.129,2.45,16.5,0.011,0.047,0.029,6.7,6.7,0.51,0.544,0.193,0.199,99.46,99.91,83.26,99.91,0.076,1893,2.4,5.7,148,162,162,347,280,280,221,193,193,223,99,242,489,530,532,82,83,316,321,187,186,431,386,386,345,304,290,42,2020-21
1626168,Trey Lyles,Trey,1610612759,SAS,25.0,23,10,13,0.435,15.6,1.9,3.9,0.478,0.6,1.7,0.35,0.7,1.0,0.652,0.4,3.3,3.7,0.6,0.3,0.3,0.0,0.0,0.6,0.7,5.0,-4.7,11.1,1,0,10.6,420,411,391,339,359,368,379,170,316,338,227,355,311,420,368,170,215,427,489,441,481,503,498,403,372,500,378,178,29,374,1,97.5,98.4,98.4,113.9,112.9,112.9,-16.4,-14.5,-14.5,0.06,2.33,11.6,0.022,0.213,0.111,5.0,5.0,0.556,0.574,0.128,0.13,99.69,99.67,83.06,99.67,0.098,743,1.9,3.9,494,478,478,460,415,415,503,499,499,467,115,401,350,53,133,29,29,167,206,457,467,415,408,408,184,368,379,33,2020-21
202684,Tristan Thompson,Tristan,1610612738,BOS,30.0,54,27,27,0.5,23.8,3.1,6.0,0.518,0.0,0.1,0.0,1.3,2.2,0.592,3.1,5.0,8.1,1.2,1.1,0.4,0.6,0.6,2.2,2.2,7.6,0.4,21.2,5,0,19.1,196,189,163,251,198,238,272,91,480,509,480,197,137,464,11,59,26,299,182,344,119,126,124,116,259,192,187,90,29,208,1,110.6,111.9,111.9,110.4,110.9,110.9,0.2,1.0,1.0,0.073,1.08,13.2,0.124,0.212,0.167,12.2,12.2,0.518,0.54,0.144,0.147,100.45,99.66,83.05,99.66,0.093,2670,3.1,6.0,171,150,150,314,319,319,229,198,198,409,404,354,20,55,31,419,424,293,334,400,408,361,410,410,225,238,272,36,2020-21
1628972,Troy Brown Jr.,Troy,1610612741,CHI,21.0,34,10,24,0.294,15.4,1.8,4.2,0.431,0.6,2.1,0.314,0.4,0.6,0.714,0.6,2.5,3.1,0.9,0.6,0.3,0.2,0.2,1.4,0.6,4.7,0.8,10.5,0,0,10.3,360,411,216,461,363,376,361,322,308,298,328,423,416,356,273,275,290,371,372,421,371,393,330,425,383,167,384,245,29,382,2,109.5,110.5,110.5,108.2,107.5,107.5,1.3,3.1,3.1,0.076,1.38,14.4,0.039,0.158,0.099,10.4,10.3,0.507,0.525,0.141,0.146,100.5,100.38,83.65,100.38,0.067,1091,1.8,4.2,211,189,189,176,156,156,186,135,135,394,337,309,216,162,187,326,323,325,374,414,418,353,348,348,402,376,361,31,2020-21
1629660,Ty Jerome,Ty,1610612760,OKC,23.0,33,7,26,0.212,23.9,3.9,8.7,0.446,2.2,5.1,0.423,0.8,1.0,0.765,0.3,2.5,2.8,3.6,1.4,0.6,0.2,0.3,1.8,1.0,10.7,-4.1,20.4,0,0,20.8,364,445,181,507,197,169,170,261,67,94,47,311,309,284,419,281,317,81,135,257,364,295,209,326,171,487,198,245,29,179,1,103.7,103.5,103.5,112.0,112.0,112.0,-8.3,-8.5,-8.5,0.229,2.55,25.6,0.012,0.1,0.055,10.0,10.0,0.57,0.585,0.181,0.187,102.88,102.91,85.76,102.91,0.095,1693,3.9,8.7,396,401,401,386,379,379,439,441,441,75,89,68,474,385,425,299,297,126,176,234,234,152,161,161,207,169,170,22,2020-21
1630234,Ty-Shon Alexander,Ty-Shon,1610612756,PHX,22.0,15,11,4,0.733,3.2,0.2,0.8,0.25,0.1,0.6,0.222,0.1,0.1,0.5,0.1,0.5,0.7,0.4,0.2,0.0,0.1,0.0,0.1,0.1,0.6,-0.5,2.0,0,0,1.9,458,398,492,26,531,526,526,517,431,435,435,519,517,488,500,515,515,477,509,511,465,503,529,525,529,278,527,245,29,529,1,105.9,101.0,101.0,107.3,107.0,107.0,-1.5,-6.0,-6.0,0.2,2.0,27.3,0.038,0.157,0.097,13.6,13.7,0.333,0.349,0.143,0.152,97.65,100.07,83.39,100.07,0.052,98,0.2,0.8,342,444,444,137,134,134,282,395,395,106,185,45,217,169,193,474,475,512,516,405,387,516,367,367,470,526,526,51,2020-21
1630189,Tyler Bey,Tyler,1610612742,DAL,23.0,18,11,7,0.611,3.9,0.4,1.2,0.318,0.1,0.2,0.25,0.2,0.3,0.6,0.4,0.6,1.1,0.2,0.2,0.0,0.1,0.1,0.3,0.3,1.0,-2.1,2.5,0,0,2.4,443,398,466,137,518,514,515,506,461,481,410,498,499,457,341,508,479,510,514,511,472,466,520,484,520,400,524,245,29,524,1,88.6,85.8,85.8,114.7,112.8,112.8,-26.1,-27.0,-27.0,0.063,1.0,10.0,0.09,0.177,0.126,10.0,9.9,0.341,0.372,0.143,0.153,104.98,107.57,89.64,107.57,0.038,162,0.4,1.2,523,524,524,485,412,412,523,525,525,460,424,449,63,104,89,292,290,510,513,405,383,49,21,21,503,514,515,42,2020-21
1629076,Tyler Cook,Tyler,1610612765,DET,23.0,32,11,21,0.344,13.7,2.2,3.2,0.67,0.0,0.1,0.5,0.5,1.1,0.486,0.9,2.1,3.0,0.5,0.7,0.3,0.1,0.3,1.1,0.9,4.9,-1.1,9.5,0,0,9.0,372,398,268,431,388,338,425,12,470,505,5,390,302,503,173,326,302,440,361,443,467,344,406,352,377,325,402,245,29,412,2,106.0,106.6,106.6,110.6,110.8,110.8,-4.6,-4.2,-4.2,0.057,0.81,11.0,0.065,0.149,0.108,13.5,13.4,0.675,0.659,0.136,0.14,99.8,99.44,82.86,99.44,0.088,908,2.2,3.2,337,322,322,327,318,318,361,352,352,477,468,419,107,203,146,471,467,15,34,431,434,409,427,427,261,338,425,20,2020-21
1629639,Tyler Herro,Tyler,1610612748,MIA,21.0,54,29,25,0.537,30.3,5.7,12.9,0.439,2.0,5.5,0.36,1.7,2.2,0.803,0.5,4.5,5.0,3.4,1.9,0.6,0.3,0.7,1.3,1.7,15.1,-1.6,27.2,5,0,27.4,196,158,201,214,95,86,75,283,81,72,209,139,144,210,331,78,123,96,81,233,252,88,361,173,87,364,104,90,29,99,1,106.9,107.7,107.7,109.5,110.6,110.6,-2.5,-2.9,-2.9,0.184,1.82,17.9,0.015,0.144,0.081,9.8,9.8,0.516,0.543,0.225,0.232,99.31,98.46,82.05,98.46,0.108,3360,5.7,12.9,302,284,284,248,304,304,306,317,317,124,234,205,435,215,269,278,279,298,322,101,100,443,487,487,141,86,75,40,2020-21
204020,Tyler Johnson,Tyler,1610612751,BKN,29.0,39,29,10,0.744,17.5,1.8,4.7,0.393,1.2,3.4,0.364,0.5,0.5,0.857,0.2,1.8,2.0,1.2,0.4,0.4,0.0,0.2,1.1,0.7,5.4,1.2,10.2,0,0,10.5,326,158,431,22,313,371,334,427,179,189,200,413,446,104,492,362,399,302,430,390,495,439,401,389,347,138,389,245,29,376,1,115.9,114.0,114.0,109.9,110.7,110.7,6.1,3.3,3.3,0.091,2.76,18.3,0.009,0.096,0.055,6.6,6.6,0.525,0.546,0.132,0.136,100.17,100.58,83.81,100.58,0.059,1433,1.8,4.7,46,92,92,274,311,311,76,130,130,323,66,193,503,401,433,76,79,269,315,448,446,376,327,327,442,371,334,48,2020-21
1630179,Tyrell Terry,Tyrell,1610612742,DAL,20.0,11,2,9,0.182,5.1,0.5,1.5,0.313,0.0,0.6,0.0,0.1,0.3,0.333,0.0,0.5,0.5,0.5,0.2,0.5,0.0,0.0,0.2,0.3,1.0,0.0,3.7,0,0,3.0,479,501,441,519,502,512,504,508,480,430,480,517,502,513,518,513,523,435,512,340,495,503,524,498,520,230,512,245,29,516,1,89.9,88.4,88.4,91.1,88.4,88.4,-1.1,0.0,0.0,0.158,3.0,24.0,0.0,0.118,0.05,8.0,7.9,0.313,0.318,0.135,0.142,100.78,103.15,85.96,103.15,0.067,121,0.5,1.5,519,518,518,11,10,10,274,230,230,156,43,83,518,303,463,149,143,518,521,434,427,333,140,140,401,512,504,42,2020-21
1630169,Tyrese Haliburton,Tyrese,1610612758,SAC,21.0,58,25,33,0.431,30.1,5.0,10.7,0.472,2.1,5.1,0.409,0.8,1.0,0.857,0.7,2.3,3.0,5.3,1.6,1.3,0.5,0.3,1.4,0.9,13.0,-3.1,28.4,5,0,27.0,157,213,72,348,98,109,110,193,71,93,72,300,329,104,239,297,299,42,118,29,162,262,332,331,121,455,96,90,29,102,1,110.6,110.8,110.8,115.8,116.4,116.4,-5.2,-5.6,-5.6,0.247,3.36,29.7,0.022,0.076,0.049,8.8,8.8,0.569,0.585,0.175,0.18,102.74,102.31,85.26,102.31,0.104,3733,5.0,10.7,173,178,178,504,511,511,375,384,384,61,32,33,342,488,466,197,196,128,173,263,262,162,200,200,154,109,110,31,2020-21
1630178,Tyrese Maxey,Tyrese,1610612755,PHI,20.0,61,41,20,0.672,15.3,3.2,7.0,0.462,0.5,1.7,0.301,1.0,1.1,0.871,0.2,1.5,1.7,2.0,0.7,0.4,0.2,0.4,1.3,1.0,8.0,-0.9,14.2,0,0,13.5,124,43,284,77,364,225,228,218,341,343,351,246,295,81,481,395,423,181,348,358,335,215,364,327,243,307,321,245,29,321,1,105.9,106.4,106.4,108.4,108.0,108.0,-2.4,-1.6,-1.6,0.207,2.93,19.4,0.011,0.098,0.054,6.6,6.6,0.498,0.531,0.222,0.23,101.26,101.2,84.33,101.2,0.106,1963,3.2,7.0,341,329,329,186,174,174,303,279,279,98,53,162,487,393,441,77,77,364,363,107,104,290,283,283,149,225,228,49,2020-21
1626145,Tyus Jones,Tyus,1610612763,MEM,25.0,70,36,34,0.514,17.5,2.5,5.9,0.431,0.6,2.0,0.321,0.6,0.6,0.911,0.3,1.7,2.0,3.7,0.7,0.9,0.1,0.2,0.4,0.7,6.3,-1.2,16.6,2,0,14.7,21,82,61,243,314,291,281,318,312,306,312,376,413,41,421,381,393,80,345,115,451,396,507,383,319,333,275,146,29,297,1,104.6,104.9,104.9,107.5,107.8,107.8,-2.9,-2.8,-2.8,0.305,5.4,35.0,0.016,0.093,0.054,6.5,6.5,0.485,0.511,0.165,0.169,101.39,101.08,84.24,101.08,0.113,2569,2.5,5.9,381,366,366,146,166,166,319,316,316,30,7,14,421,420,439,73,74,395,412,306,315,274,295,295,119,291,281,38,2020-21
1628962,Udoka Azubuike,Udoka,1610612762,UTA,21.0,15,13,2,0.867,3.8,0.3,0.6,0.444,0.0,0.0,0.0,0.5,0.7,0.8,0.3,0.6,0.9,0.0,0.2,0.1,0.3,0.1,0.6,0.4,1.1,-4.3,2.9,0,0,2.6,458,371,515,6,522,522,533,263,480,522,480,389,401,212,438,509,501,531,509,503,292,485,491,465,519,494,519,245,29,522,1,74.5,69.8,69.8,123.0,124.4,124.4,-48.5,-54.5,-54.5,0.0,0.0,0.0,0.063,0.15,0.105,17.6,18.3,0.444,0.597,0.119,0.126,101.74,104.48,87.06,104.48,0.054,126,0.3,0.6,534,535,535,530,536,536,535,537,537,531,524,531,118,196,161,519,521,455,141,485,475,246,81,81,461,522,533,52,2020-21
2617,Udonis Haslem,Udonis,1610612748,MIA,41.0,1,1,0,1.0,2.7,2.0,2.0,1.0,0.0,0.0,0.0,0.0,0.0,0.0,0.0,1.0,1.0,0.0,0.0,0.0,0.0,0.0,0.0,1.0,4.0,3.0,5.2,0,0,5.0,537,515,536,1,535,352,477,1,480,522,480,521,523,521,518,456,483,531,530,511,495,503,534,309,412,58,481,245,29,480,1,158.2,166.7,166.7,85.4,100.0,100.0,72.9,66.7,66.7,0.0,0.0,0.0,0.0,0.25,0.2,0.0,0.0,1.0,1.0,0.286,0.316,130.44,116.78,97.32,116.78,0.455,6,2.0,2.0,1,1,1,5,33,33,1,1,1,531,524,531,518,25,11,1,1,1,2,28,12,1,3,3,1,352,477,40,2020-21
1630176,Vernon Carey Jr.,Vernon,1610612766,CHA,20.0,19,9,10,0.474,6.0,0.9,1.9,0.5,0.1,0.4,0.143,0.5,0.6,0.818,0.3,1.1,1.4,0.1,0.3,0.1,0.3,0.2,0.7,0.5,2.4,-0.6,5.0,0,0,4.6,440,427,431,296,493,470,484,120,463,461,468,411,436,173,413,452,452,524,488,507,298,433,478,454,474,289,485,245,29,487,1,107.6,105.0,105.0,111.4,108.3,108.3,-3.9,-3.2,-3.2,0.028,0.4,4.2,0.054,0.174,0.116,10.4,10.5,0.514,0.563,0.178,0.183,97.84,100.44,83.7,100.44,0.079,238,0.9,1.9,280,363,363,362,189,189,337,326,326,522,512,521,150,115,117,324,330,308,245,253,251,512,339,339,325,470,484,33,2020-21
203506,Victor Oladipo,Victor,1610612748,MIA,29.0,33,13,20,0.394,32.7,7.1,17.5,0.408,2.4,7.2,0.326,3.2,4.2,0.754,0.4,4.5,4.8,4.6,2.5,1.4,0.4,1.2,2.5,3.6,19.8,-2.2,35.4,0,0,35.2,364,371,284,392,50,47,28,388,51,26,305,49,43,296,387,82,130,57,43,23,188,8,75,45,44,408,54,245,29,49,3,104.8,106.5,106.5,108.4,108.8,108.8,-3.6,-2.3,-2.3,0.233,1.82,17.5,0.01,0.137,0.072,9.6,9.5,0.476,0.512,0.286,0.291,102.11,101.15,84.29,101.15,0.109,2267,7.1,17.5,375,326,326,190,206,206,334,302,302,74,235,218,492,238,310,263,258,418,406,26,29,216,289,289,139,47,28,40,2020-21
1629738,Vincent Poirier,Vincent,1610612755,PHI,27.0,10,8,2,0.8,3.9,0.3,1.2,0.25,0.0,0.1,0.0,0.2,0.6,0.333,0.6,0.8,1.4,0.2,0.4,0.0,0.3,0.2,0.8,0.3,0.8,-1.6,3.3,0,0,3.0,485,434,515,12,519,518,516,517,480,500,480,492,425,513,267,480,454,507,438,511,261,396,459,492,526,366,516,245,29,516,1,89.4,85.2,85.2,109.7,104.6,104.6,-20.4,-19.4,-19.4,0.08,0.5,9.5,0.13,0.222,0.171,19.0,19.4,0.25,0.273,0.194,0.205,102.32,107.33,89.44,107.33,-0.02,88,0.3,1.2,521,525,525,267,78,78,515,517,517,373,502,460,15,48,26,522,524,524,526,179,162,197,26,26,530,518,516,49,2020-21
1628427,Vlatko Čančar,Vlatko,1610612743,DEN,24.0,41,28,13,0.683,6.9,0.8,1.8,0.458,0.2,0.8,0.273,0.2,0.3,0.769,0.3,1.0,1.2,0.3,0.3,0.3,0.0,0.1,0.4,0.3,2.1,-2.5,4.7,0,0,4.5,310,177,391,73,479,481,492,222,410,418,390,482,489,274,437,466,470,486,454,439,477,460,508,495,486,430,494,245,29,493,1,98.0,96.5,96.5,116.1,113.9,113.9,-18.1,-17.5,-17.5,0.073,1.0,13.3,0.035,0.136,0.083,13.3,13.2,0.521,0.547,0.132,0.138,103.87,105.68,88.07,105.68,0.069,621,0.8,1.8,486,496,496,507,451,451,511,511,511,408,424,346,235,239,249,463,459,282,312,449,440,97,46,46,392,481,492,47,2020-21
201961,Wayne Ellington,Wayne,1610612765,DET,33.0,46,13,33,0.283,22.0,3.2,7.3,0.441,2.5,6.0,0.422,0.6,0.8,0.8,0.3,1.6,1.8,1.5,0.7,0.4,0.2,0.2,1.3,0.6,9.6,-1.5,15.1,0,0,16.6,268,371,72,474,225,226,212,273,37,61,48,366,380,212,443,391,409,261,336,375,352,443,368,411,194,353,305,245,29,250,1,109.4,110.0,110.0,113.8,114.2,114.2,-4.4,-4.3,-4.3,0.097,2.03,14.9,0.012,0.073,0.042,7.3,7.3,0.612,0.625,0.162,0.167,99.81,99.33,82.78,99.33,0.075,2103,3.2,7.3,217,207,207,453,461,461,355,354,354,304,179,297,483,494,510,100,99,55,71,328,320,408,436,436,348,226,212,20,2020-21
1628976,Wendell Carter Jr.,Wendell,1610612753,ORL,22.0,54,21,33,0.389,25.5,4.3,8.5,0.503,0.3,0.9,0.294,2.4,3.3,0.732,2.4,5.8,8.2,1.9,1.4,0.6,0.8,0.6,2.7,3.1,11.2,-4.5,26.8,13,0,24.5,196,264,72,397,173,152,173,116,399,406,359,78,67,332,25,36,25,187,132,233,84,104,40,61,157,497,108,35,29,124,2,103.2,104.5,104.5,112.7,113.5,113.5,-9.5,-9.0,-9.0,0.116,1.33,14.5,0.091,0.219,0.154,10.9,10.9,0.52,0.566,0.188,0.191,101.67,100.67,83.89,100.67,0.115,2893,4.3,8.5,411,381,381,413,435,435,457,449,449,244,350,305,61,49,49,347,347,289,236,207,218,253,321,321,108,152,173,21,2020-21
1629117,Wenyen Gabriel,Wenyen,1610612740,NOP,24.0,21,9,12,0.429,11.5,1.1,2.9,0.4,0.6,1.5,0.406,0.5,0.8,0.647,1.0,1.6,2.6,0.5,0.7,0.4,0.4,0.1,1.5,0.6,3.4,0.1,9.0,0,0,8.8,429,427,405,352,419,443,443,411,314,355,78,392,370,427,157,385,334,441,337,353,211,445,310,429,431,224,421,245,29,416,1,105.6,106.4,106.4,104.8,105.6,105.6,0.8,0.8,0.8,0.063,0.73,11.7,0.069,0.135,0.1,16.0,16.0,0.508,0.533,0.135,0.139,103.23,102.44,85.37,102.44,0.055,513,1.1,2.9,355,328,328,74,100,100,207,208,208,459,480,398,99,245,185,506,506,321,356,438,438,131,189,189,458,443,443,31,2020-21
1628411,Wes Iwundu,Wes,1610612740,NOP,26.0,41,17,24,0.415,13.1,0.8,2.5,0.333,0.1,1.0,0.122,0.6,0.8,0.839,0.4,1.8,2.2,0.4,0.5,0.4,0.1,0.3,1.2,0.7,2.4,-2.3,6.6,0,0,6.1,310,325,216,376,397,477,455,494,436,396,475,358,383,142,386,359,374,467,419,384,438,307,376,393,475,417,452,245,29,459,2,102.8,103.6,103.6,109.7,110.1,110.1,-6.9,-6.6,-6.6,0.045,0.95,11.8,0.025,0.13,0.077,12.5,12.4,0.358,0.428,0.103,0.105,103.48,102.91,85.76,102.91,0.035,1147,0.8,2.5,420,400,400,264,277,277,417,410,410,500,448,395,312,262,281,435,435,506,497,518,522,114,160,160,506,477,455,31,2020-21
202083,Wesley Matthews,Wesley,1610612747,LAL,34.0,58,33,25,0.569,19.5,1.5,4.3,0.353,1.1,3.4,0.335,0.6,0.7,0.854,0.3,1.3,1.6,0.9,0.4,0.7,0.3,0.1,1.4,1.0,4.8,0.7,10.5,0,0,10.4,157,107,201,180,273,406,350,486,196,188,276,368,394,115,395,433,430,355,426,231,268,494,350,322,380,175,382,245,29,380,1,106.2,106.9,106.9,104.2,105.0,105.0,2.0,1.9,1.9,0.065,2.08,15.7,0.018,0.064,0.041,7.5,7.4,0.484,0.517,0.111,0.115,99.99,99.34,82.79,99.34,0.044,2335,1.5,4.3,326,309,309,63,88,88,163,176,176,447,172,275,398,516,512,110,105,402,395,510,508,393,434,434,494,406,350,42,2020-21
203115,Will Barton,Will,1610612743,DEN,30.0,56,37,19,0.661,31.0,4.6,10.9,0.426,1.8,4.6,0.381,1.7,2.2,0.785,0.7,3.3,4.0,3.2,1.7,0.9,0.4,0.6,1.7,1.7,12.7,4.1,24.6,0,0,24.3,180,73,306,93,83,132,107,331,114,121,153,145,146,246,231,172,188,104,99,124,194,105,252,168,131,40,133,245,29,128,1,117.5,118.4,118.4,112.0,112.4,112.4,5.5,6.0,6.0,0.135,1.89,19.4,0.024,0.109,0.067,10.3,10.2,0.507,0.538,0.187,0.192,98.09,97.52,81.27,97.52,0.076,3535,4.6,10.9,16,17,17,385,394,394,85,75,75,207,221,160,326,343,339,319,316,326,342,208,217,504,524,524,340,132,107,47,2020-21
1630266,Will Magnay,Will,1610612740,NOP,23.0,1,1,0,1.0,3.3,0.0,1.0,0.0,0.0,1.0,0.0,0.0,0.0,0.0,0.0,0.0,0.0,0.0,1.0,0.0,0.0,0.0,1.0,0.0,0.0,-10.0,-1.0,0,0,0.0,537,515,536,1,530,535,522,535,480,396,480,521,523,521,518,535,538,531,227,511,495,503,419,527,536,538,539,245,29,538,1,37.5,37.5,37.5,185.7,185.7,185.7,-148.2,-148.2,-148.2,0.0,0.0,0.0,0.0,0.0,0.0,50.0,50.0,0.0,0.0,0.2,0.222,110.2,110.2,91.84,110.2,-0.171,8,0.0,1.0,540,540,540,540,540,540,540,540,540,531,524,531,518,535,538,538,538,535,536,159,125,6,11,11,538,535,522,31,2020-21
1626161,Willie Cauley-Stein,Willie,1610612742,DAL,27.0,53,29,24,0.547,17.1,2.2,3.4,0.632,0.0,0.2,0.091,0.9,1.5,0.628,1.2,3.2,4.5,0.7,0.5,0.4,0.8,0.2,2.4,1.2,5.3,2.6,14.7,1,0,12.8,208,158,216,204,328,337,412,22,476,483,479,274,238,441,109,186,162,416,396,374,81,373,78,262,356,77,311,178,29,333,1,114.4,114.4,114.4,105.7,105.0,105.0,8.8,9.4,9.4,0.053,1.21,12.4,0.073,0.175,0.126,10.3,10.3,0.635,0.647,0.12,0.122,98.68,99.0,82.5,99.0,0.084,1851,2.2,3.4,73,78,78,91,90,90,34,31,31,486,378,378,92,111,87,317,325,35,42,477,485,481,459,459,293,337,412,42,2020-21
1626195,Willy Hernangomez,Willy,1610612740,NOP,27.0,47,20,27,0.426,18.0,3.2,5.7,0.563,0.0,0.2,0.1,1.3,2.0,0.667,2.5,4.6,7.1,1.1,0.7,0.5,0.5,0.6,1.4,1.6,7.8,-0.3,20.0,11,0,17.9,256,279,163,359,307,227,288,53,475,482,477,196,173,407,21,71,46,330,334,335,157,134,326,188,249,256,203,51,29,227,1,113.9,113.6,113.6,113.3,113.6,113.6,0.6,0.0,0.0,0.082,1.47,12.7,0.134,0.247,0.191,8.7,8.7,0.565,0.591,0.166,0.17,103.15,103.19,85.99,103.19,0.125,1813,3.2,5.7,81,104,104,439,438,438,214,231,231,364,314,366,12,27,13,182,185,137,155,295,307,138,137,137,70,227,288,31,2020-21
1630214,Xavier Tillman,Xavier,1610612763,MEM,22.0,59,31,28,0.525,18.4,2.8,5.1,0.559,0.4,1.1,0.338,0.6,0.9,0.642,1.3,3.1,4.3,1.3,0.8,0.7,0.6,0.4,2.0,0.8,6.6,0.6,16.9,2,0,15.2,151,130,143,229,301,264,313,58,373,391,265,380,345,431,107,198,169,290,321,178,134,231,180,376,306,181,268,146,29,283,1,108.7,109.5,109.5,106.9,106.6,106.6,1.9,2.9,2.9,0.096,1.67,17.1,0.065,0.163,0.113,10.3,10.2,0.595,0.605,0.142,0.146,101.66,101.41,84.5,101.41,0.095,2276,2.8,5.1,242,224,224,124,120,120,169,140,140,310,266,227,106,145,123,313,310,79,112,412,411,254,262,262,215,264,313,38,2020-21
1627812,Yogi Ferrell,Yogi,1610612746,LAC,28.0,10,4,6,0.4,13.7,2.0,5.7,0.351,0.9,2.8,0.321,0.7,0.9,0.778,0.5,1.4,1.9,2.2,0.3,0.7,0.3,0.6,1.1,1.4,5.6,-0.1,13.9,0,0,12.6,485,474,475,382,387,352,289,489,246,223,312,343,344,254,303,415,405,164,472,202,261,116,403,224,337,241,329,245,29,341,2,105.1,106.7,106.7,107.2,107.1,107.1,-2.0,-0.4,-0.4,0.229,7.33,25.9,0.034,0.095,0.065,3.5,3.5,0.43,0.459,0.193,0.201,99.86,99.17,82.64,99.17,0.094,283,2.0,5.7,368,316,316,132,137,137,294,246,246,76,3,63,240,406,357,17,17,469,482,185,179,403,448,448,220,352,289,47,2020-21
1629139,Yuta Watanabe,Yuta,1610612761,TOR,26.0,50,24,26,0.48,14.5,1.6,3.6,0.439,0.7,1.8,0.4,0.5,0.6,0.828,0.7,2.5,3.2,0.8,0.4,0.5,0.4,0.2,1.1,0.7,4.4,-0.8,11.7,0,0,10.9,238,223,181,284,377,401,404,286,288,329,93,406,433,158,224,280,276,380,441,303,213,418,391,395,398,302,368,245,29,370,1,105.2,105.0,105.0,107.7,107.8,107.8,-2.5,-2.7,-2.7,0.079,2.11,15.9,0.046,0.171,0.106,7.5,7.5,0.539,0.565,0.121,0.125,101.71,101.77,84.81,101.77,0.089,1533,1.6,3.6,366,364,364,154,164,164,308,310,310,384,162,265,177,126,156,111,114,221,237,476,478,248,243,243,256,401,404,27,2020-21
203897,Zach LaVine,Zach,1610612741,CHI,26.0,58,26,32,0.448,35.1,9.8,19.4,0.507,3.4,8.2,0.419,4.4,5.1,0.849,0.6,4.4,5.0,4.9,3.5,0.8,0.5,1.2,2.4,4.0,27.4,-0.2,41.0,3,0,43.2,157,201,88,325,14,7,9,111,7,14,50,28,34,119,256,87,122,50,9,159,169,10,85,40,7,251,25,115,29,18,1,111.3,112.4,112.4,111.6,113.1,113.1,-0.4,-0.8,-0.8,0.225,1.39,16.3,0.018,0.121,0.071,11.7,11.7,0.596,0.634,0.302,0.308,102.54,101.34,84.45,101.34,0.14,4304,9.8,19.4,156,138,138,370,424,424,247,260,260,81,335,248,391,291,314,395,391,76,62,15,16,181,268,268,43,7,9,31,2020-21
1630192,Zeke Nnaji,Zeke,1610612743,DEN,20.0,42,30,12,0.714,9.5,1.2,2.5,0.481,0.6,1.4,0.407,0.3,0.4,0.8,0.3,1.2,1.5,0.2,0.2,0.2,0.1,0.2,0.7,0.4,3.2,-2.0,6.1,0,0,6.2,303,143,405,43,446,436,457,161,325,365,76,471,483,212,398,438,438,500,514,474,440,410,477,481,436,394,464,245,29,458,1,105.1,102.0,102.0,113.2,112.5,112.5,-8.1,-10.5,-10.5,0.037,1.43,7.8,0.034,0.129,0.08,5.5,5.5,0.596,0.615,0.126,0.131,100.7,102.52,85.43,102.52,0.074,852,1.2,2.5,369,431,431,437,398,398,436,470,470,513,325,496,243,267,270,40,42,73,87,466,462,339,186,186,360,436,457,47,2020-21
1629627,Zion Williamson,Zion,1610612740,NOP,20.0,61,29,32,0.475,33.2,10.4,17.0,0.611,0.2,0.6,0.294,6.0,8.7,0.698,2.7,4.5,7.2,3.7,2.7,0.9,0.6,2.1,2.2,6.0,27.0,1.5,43.2,14,0,41.2,124,158,88,292,44,3,34,38,425,441,359,9,3,381,15,80,41,79,34,104,112,1,120,5,8,127,20,33,29,24,1,113.7,113.9,113.9,112.2,111.7,111.7,1.4,2.1,2.1,0.188,1.35,13.7,0.081,0.131,0.106,10.1,10.0,0.616,0.649,0.287,0.296,103.14,103.3,86.09,103.3,0.161,4358,10.4,17.0,86,98,98,393,361,361,180,166,166,120,346,336,74,257,154,306,300,48,41,23,21,139,129,129,22,3,34,31,2020-21
